,Correlation,p-value,L1 Loss
1ab0044ee957ed64a3abf0b233e3bd04,0.409,0.0,1.04
1a629f7202bb2aa69125e432b1ccaf36,0.636,0.0,0.9
954b262c81aac96242f433765d4a67a9,0.577,0.0,0.95
1442364a30e7ec66fb01c767d6e478c8,0.424,0.0,0.8
1f5c37ebe54ebf1d671c82bebc77d8e9,0.134,0.185,0.8
f9b7206d211aa92469f84494f82e32dd,0.314,0.001,1.21
dd6610e4da07937e7895c8c07b3b5edc,0.476,0.0,0.79
a39f18e4d1fa92d17cf3e35ef79d6163,0.115,0.256,0.9
0079d25f6a321eb47bf0f7626b396e0e,0.662,0.0,0.76
e9dd6322d8c6187a28e148cf511cb9bd,0.242,0.015,1.01
f30851ffd3678a436e2de0250dc0e87c,0.45,0.0,0.71
04f40666c6efdce4fd0db832f1d820d0,0.436,0.0,0.74
180a0ff391ee6b2c65a5b42f21fdca1a,0.042,0.676,0.84
8e664d1a169542b893e6fda17314f4bf,0.423,0.0,0.99
7e20b4ae9007b26ca45055456041cca7,0.399,0.0,0.84
dce6b790a9e64022fe20be2ec330ec81,0.75,0.0,0.81
76674ac2aef85008794bb2aa1513f545,0.326,0.001,0.78
482d75b39e1cb9405f709c1b7cf2c4db,0.411,0.0,1.09
dee1d77551de187707d2446b088f0012,0.154,0.127,1.06
76e5263c22bf7dca037324b1fad51a21,0.413,0.0,0.58
dd7e39cc5b892430376bd4a82f84f24c,-0.142,0.157,1.37
db099072f563c4bac9cf6d08483e4002,0.486,0.0,0.76
1d0ab379823669077333b0509e60aad4,0.335,0.001,0.98
849009add82e4c318c213a6bc45eff80,0.111,0.269,1.16
77de33bdfa34d62c5d64c7e5e8baebe8,0.587,0.0,0.9
82e932005d8c94bb93bcb54fa19f421c,0.391,0.0,1.13
f49f726908cb10be451728408599e694,0.423,0.0,1.02
c70b15854118907c8f0a234e2ba44bbc,0.535,0.0,0.98
e571dcc7fa1a6f1ebb1aba8d05d39b5c,0.576,0.0,0.91
3694cc5c137f5c14d52c4cb20d7b4e2c,0.54,0.0,0.89
75ac0524645b5df5f4ecaec61595081a,0.375,0.0,1.06
673251e3eacb7d7bbcedd7c37e43f67e,0.507,0.0,0.73
3742a133f27ca876b7f16f0ef2426f2a,0.484,0.0,0.82
dec8d6886e43af026f115492e5be7c08,0.292,0.003,1.17
7deda31791ecd385efe93610d407ede1,0.244,0.014,1.14
274cc741315443224a385f036c3341c1,0.639,0.0,0.79
558b9b9f154b7fccf6a3c5a86579ff1a,0.623,0.0,0.97
b92932f4976a7924c104296e4bac3730,0.439,0.0,0.87
974f8ed3a33accb7fef0494a5ba8e04d,0.32,0.001,0.8
182de694c9436baf77720fe405faadbe,0.506,0.0,1.08
cfa44fab0118f425c9d73ca5d9b67b65,0.444,0.0,0.53
cca5be9ddc2d5ca1799c2be7d1d3dcb7,0.677,0.0,0.73
85a1b0864fc2f13bfa1d470e047817bc,0.724,0.0,0.66
aabd406d714c65c06e24f490d033f259,0.453,0.0,1.16
50d900f2e8253d30ac1acbce5493e6ba,0.727,0.0,0.8
28e188e3e56f9b8331f3797be46d7502,0.29,0.003,0.73
66583efb59b64612325c1da8bf762943,0.274,0.006,1.09
90d011bef28b39294c51d774c69d266f,0.483,0.0,0.74
1d893ade70182c9a167c39519491d80e,0.662,0.0,0.87
0d2674087bd456e5ca6d9f3c655c7763,0.457,0.0,0.83
d3563f2f7c1a084a463b5bed4d45792e,0.365,0.0,0.86
650e68673d1fa9de9564435af0037d56,0.478,0.0,1.08
c2aea811e54ec915f75cd0f47d3396f1,0.385,0.0,1.17
71cd43d94039a40e608aa8bf7ee9c58b,0.533,0.0,1.04
3b60443fc04ed0f4c339b2803175a4ad,0.381,0.0,0.89
0c812eb3555edc58d3cedc0f28967de7,0.437,0.0,0.87
9f85cd9b1e3ecb5986558f2172e465dc,0.279,0.005,0.87
e28d87afc9d88ed2fa9a1124c7c3cf2c,0.563,0.0,0.78
82a0c238f9a2d2af2d00c4249c511eb9,0.191,0.057,1.35
4b0caa88ddece19eeb4c7725e9075065,0.474,0.0,1.22
1a144691c3c882fe93ce18553480c7e8,0.615,0.0,1.02
b94678b923019f626474c9752af48183,0.513,0.0,0.96
e4a9de8d77c21c3f704fdb0055cdde43,0.355,0.0,0.8
06561ae15e32040e69af859056862610,0.423,0.0,0.8
6cf37baada657a2c3d9bdf080665d9ca,0.686,0.0,0.87
19abd249d91c3073fce939aaa39930de,0.316,0.001,0.8
a4750830e92909b88e16804a85c207f3,0.726,0.0,0.82
72aaeeadc1da762ab3143c5f1cf56ef8,0.606,0.0,0.8
9a7559fb86e4182ab16c4173f8fe8093,0.402,0.0,0.8
35221dbc4645bbb1d9dc66783e1135b1,0.494,0.0,0.99
b4c8addff51864c07dc9ec5a657c5ab9,0.666,0.0,0.75
8f1e3fd7328f7af18bfc20b140bfc3e5,0.631,0.0,0.74
ce526fabf9006f1bded1c6bfb8cb7101,0.233,0.02,0.83
0ff76f5ec0fa0fa2a96ed824e1a2ec07,0.719,0.0,0.95
99012dc85894fd1e1643883e569f276b,0.626,0.0,0.85
58a085911a74b6878c17e7a61309294f,0.479,0.0,1.01
f93dfa1d75e1deaf5f4b5db0287787a0,0.468,0.0,0.68
386ac98d245c753e7415bc071ed0d5b5,0.431,0.0,1.15
713928158d7913e8233bc6b98ea0baa9,0.466,0.0,0.97
f15c01fc3031083d7e3c552890e6aaf0,0.44,0.0,0.7
b469c7bffa2d27cf19e23688a2e6dba5,0.619,0.0,0.65
513be1d6d703e54e5ac697b023607d3c,0.341,0.001,0.84
98d025316813076ad3cb831fff214d52,0.457,0.0,0.67
469f30d9f477efe8b6ab1abc1bd8afba,0.403,0.0,1.3
239db6dc6e79350a0958c7866d266cc6,0.458,0.0,0.93
d8ceb4243502e3102819f2e88e4da801,0.645,0.0,0.68
1bb50e3ba9fc4451abb01ac82abc4308,0.254,0.011,1.03
84be94527c95ea1ea06e60ffd4b630b0,0.454,0.0,0.82
ddf0bab7495dc2b8e3897ebb1046ca9c,0.242,0.015,1.03
3dbbb3bce6af5604b4716db6eeee0453,0.506,0.0,0.79
b95e249c09b3289c4858fec3db37601d,0.26,0.009,0.92
5833a7e0be0c213dc564ee64e5835324,0.337,0.001,0.55
5c64988c89902571591fef3ff12c30ac,0.491,0.0,0.96
ee12978d4a930aaa024f707ed5504b41,0.365,0.0,1.18
a819ca66ab836288010f3a020ba91a38,0.459,0.0,1.22
ea88652d6bc69841abdb46333114b823,0.608,0.0,0.77
984f808d71585c3227ab1545a0da68e1,0.408,0.0,0.83
fa5471a81a08012aae286074cb7f97d4,0.645,0.0,0.78
20efa303a8b78d7d58d2ee3b9ef6d479,0.57,0.0,1.03
50357485df2ba5f320b135d93b772df1,0.457,0.0,1.09
870271a590c11b2cb6b8876b6667d58f,0.455,0.0,0.67
1ffedb9c16991a48f8260b8b6d23d212,0.729,0.0,0.82
e2aafe38cd14b925f796e7bff469cebd,0.395,0.0,0.93
df373e436c7bd58a25c0f057a491136a,0.526,0.0,1.26
4dbeca9e21d9e3313b65a66cc8bfdf74,0.522,0.0,1.04
0426e6ca3db7b653fc3c9d6efabdc6e6,0.69,0.0,0.7
b54a8ac89ceea109b0956d2661c9195f,0.379,0.0,0.81
798d45fc8a89ba0e63b7cc3ccb8f26dc,0.421,0.0,0.88
9ad6de02e79259750991f95e1bc06672,0.499,0.0,0.87
0f1a2128b1517c17682ad786dc4df4f0,0.612,0.0,0.83
a5f635ebcdc9cb7fbe2b48fb954f6b82,0.486,0.0,0.8
40d93c4bb093bec014e2d0c14290cef9,0.426,0.0,0.77
1d7ae03893be1fface48a06a44d39d3c,0.2,0.046,1.18
f356af98cbd929d5ece697973786fecb,0.589,0.0,0.91
b3c4cbf306c3e7804e7c939916951069,0.549,0.0,0.49
3c557c348f23de487b07d6c36c3a2dfe,0.576,0.0,0.85
ef14b44d9c766159d96e3bf320e75c9e,0.427,0.0,0.85
da373fd56acfa253376f290182088782,0.258,0.009,1.14
9435cc7d86fce57a3b78c40bcdd825cb,0.565,0.0,0.8
85f83e56b4b7583b7ae2e0606f6ad427,0.56,0.0,0.81
09db21e1bf33126489315f03ef396199,0.435,0.0,1.27
5547f125f9970a7f74c3c324de32603d,0.401,0.0,1.04
f2ec52f829ed860eab080b51843df3df,0.412,0.0,0.84
2f8b2c45240876273121d77072b5c17b,0.557,0.0,0.73
d982ea25625ffd70b4d26bc372310ecd,0.461,0.0,0.99
83a7664f9b0150eea7974aac7a97b2fa,0.293,0.003,1.14
b41fb799a6a8e10599d6c4f89b3b4511,0.465,0.0,1.01
862c1403706f38f8a38872551b12e07a,0.635,0.0,0.76
2d3875c53a90450717438f5013ea5ef4,0.36,0.0,1.16
3e17d2b2646c71ebe8a74a76f74d9c66,0.623,0.0,0.76
4e4d57167780c2bf3a091ac65247988b,0.253,0.011,0.92
0c05beeb1382264cf0084c43204e59e2,0.275,0.006,0.76
7da9f5948eae6aae27d212be78d02b3d,0.711,0.0,0.9
061473ac666edaaf1a899092f84d5f12,0.575,0.0,0.97
6156f87bfb0fe107bc91574f8691baca,0.294,0.003,0.92
0f7eb0250de238ba3cc50f62ff117bcb,0.692,0.0,0.78
1873960b16ce6d390a72e721485fdc43,0.617,0.0,0.59
3e486d201e8cd180c2a9891b771cb729,0.563,0.0,0.8
d0bc43fddf1991a997b5585c59183529,0.562,0.0,0.97
3d353968049154fada47e2399783f4c2,0.365,0.0,0.82
3c7b0d0ade6083f7d6b57a7cffe5625b,0.437,0.0,0.72
16c2499730334ff99163e7c6a7083ae2,0.629,0.0,0.87
8dd27e7a4605e1d0bd0cd98a3bd06f9e,0.482,0.0,0.82
c9c39c486a65e5a1e56b27f81e7ce8d2,0.196,0.051,0.9
5c5803665c9e7294b2f16ff0a437c3cd,0.482,0.0,1.1
8e926a0669f4a19b52dcbaca6694cd54,0.216,0.031,1.31
aa85247cd6319246aeba20a162b7549c,0.495,0.0,0.85
177f3fc619ad0bb83d37a718990fac66,0.457,0.0,0.86
afa7683d3fa90ac9da8765ebf556b165,0.397,0.0,1.01
1feafa9e4924a78e25a2b89faad1450f,0.499,0.0,1.04
917c38788ea36d939a7a57d4db35c494,0.112,0.269,1.07
152483cd8dbb049e6d00f543fbd1fae8,0.537,0.0,0.93
476de147781dfa0bfcf1b615f2b97127,0.265,0.008,1.11
32ffeb1d83b1d7f12e2c1f49429cb2e4,0.29,0.003,1.07
a9a90e403f446c6d5d8897190ab88951,0.338,0.001,1.18
c6cbc0a5624be49f9abff91679b69db6,0.258,0.01,0.92
b3d95a10900d84b5f9640475418dd21c,0.555,0.0,0.77
05d9d2439ceb3505dfcdb4fc228a384b,0.587,0.0,1.0
fb12d7149d23e03568ba12801ae32f2f,0.435,0.0,1.08
8b49afb6c3eae94e2a17c0bab77014ad,0.41,0.0,0.89
c328877110a7f1f31b7a40185b073b9c,0.412,0.0,0.77
24d04617cd7c2b230b3a7717646d3ba9,0.338,0.001,1.11
987935184b6b435a263d09917975a0e0,0.579,0.0,0.97
5ff77c8ce71c2dcb0b0cb6ccb9b48611,0.396,0.0,1.04
c6671c1b0e73bd8a0c0b136cd5de2932,0.368,0.0,1.0
2b03fed6689963629bed97bfd4d594cc,0.131,0.194,1.14
9d42db3ef03b993c25deb4b75e371d65,0.593,0.0,0.77
b2cbf0900dadd9149e90a359f3c97c25,0.538,0.0,1.08
a4bc73945810fc8f0db4f1bb3b54ddab,0.484,0.0,0.99
42805f69c284ed80da21df47733de190,0.234,0.019,1.11
7218052ef2b5e0df709f746a23d6f08b,0.641,0.0,0.83
56e82fc5ad33992839505dc85fcca0f6,0.534,0.0,0.67
6f2bebc01062eb8334dccba3e048fdb5,0.707,0.0,0.74
60f6a4acc69129b60da7bc1c5fa181e8,0.411,0.0,1.15
535ed2ff0b7d4555b81e7e4440f147ac,0.519,0.0,0.87
35368b35a1b074b556fc888b14658094,0.621,0.0,0.86
f79b3b225ce60ce956cdd8ca65dfdbdc,0.513,0.0,0.85
95a4fae5283a3fc1b4713011c387afca,0.605,0.0,0.88
485f69576f2e9d0dc70384d1555d3a8a,0.45,0.0,1.1
695e68e41680b3fcc691b2759ffe2db6,0.458,0.0,0.91
dbc8a516df2054c1170e449bfaef1603,0.246,0.014,0.76
c82d4f19686e5a7aca3d44e6c41305c6,0.43,0.0,0.72
55f10509a66ab4a01e3934a655e35339,0.58,0.0,0.81
65c0c27508531efc5dadb3905e787256,0.62,0.0,0.82
cf5ff2fd099755a659b1806cd690fa10,0.337,0.001,0.86
b354375cda918a41494e42807b10e4a1,0.721,0.0,0.77
343893f4ec72ccbd2954b74ae959afd7,0.523,0.0,0.9
1e7d4df562223abf5d357db36ee559db,0.574,0.0,0.94
cbb0e0443313ac702abc661da0b9b272,0.618,0.0,0.81
9c1ddc13d3153999c0cd7c7d6f37bd85,0.288,0.004,1.02
e78fbd196578612b739e4e78063ab0fa,0.517,0.0,0.77
a743000cecdf705a83ac14205b78f5c6,0.43,0.0,0.61
006dd2ba64cabcbb44b2a0ccec4fef59,0.555,0.0,0.84
c72d1fefa1b7c3827f91dcea6eea3b14,0.389,0.0,0.9
7e5b70f00d276c1b9bc6de84e3541132,0.122,0.228,1.13
9f74146c4b0ec72b6a5a2fac3fa64edc,0.654,0.0,0.94
96f45e3987e0d333a7b590b57249a4fc,0.434,0.0,1.22
5be92f18d9e24c6be26f5e4e368c66f4,0.498,0.0,0.75
ad463bf3519f192cbcedf78017f0df0c,0.585,0.0,0.93
31500cfef481ce078a3c09ddddfdf6c6,0.379,0.0,0.95
f3737f450e99f912f9694f552eac03c2,0.286,0.004,0.61
cefba9ed2e3b1d035213ba94ed44d0a1,0.545,0.0,1.11
8425a60311f83f7990fd6dec75f1c084,0.58,0.0,1.09
d57f9e7dd5b660b1b04cc1fd1af15f24,0.205,0.041,1.09
d76989d8d58153341a09c0b951eb9f91,0.554,0.0,0.75
f6acdac2b90af71450987eae42936a14,0.685,0.0,0.71
b691013e10222581517c833325288b25,0.229,0.022,1.25
654cbc6653475f7104b23531d36d63e8,0.406,0.0,0.88
15d15d6c6832abb8d4fa21d28eeccfba,0.648,0.0,0.7
ec9af9e708d26f8ed1fac9be45b712ef,0.438,0.0,0.64
87741ffd25a1879d39cab878ae3986ce,0.548,0.0,0.8
5532642937eb3497a43e15dbb23a9d2d,0.266,0.007,1.05
e80aa9d90d4beb533ca829afb7122a68,0.534,0.0,1.17
eb46eb264a0294565a463d0ff423cbdf,0.425,0.0,1.02
49ce6d817f587b0e45d6089d25e555b6,0.384,0.0,0.68
af3516b73437586c72d1801d38c9b473,0.262,0.008,0.94
0ca1f64f4be5bd1e4362f8ae80089e14,0.27,0.007,0.86
c61845a706059113ea28e893dba2ef0c,0.55,0.0,0.65
d2ebb35e85aef53669010eaba7e4204c,0.46,0.0,0.91
9d73ecd9cf815d8bc340cd1bb8e94cfb,0.384,0.0,1.17
f68268e212bc1ac0dff21524f6f73b3d,0.345,0.0,0.99
bd0622de626679cbb58da1c6088f7fb9,0.385,0.0,0.78
d6714d7c3615ba063d1d0492eec82c6d,0.456,0.0,1.06
97c8a5c6da21423d278da40d3d097091,0.601,0.0,0.75
33e9ed633be24242d578fdcb987d5204,0.452,0.0,0.83
656d9f201c8b20ad7d564385bb75373c,0.507,0.0,1.15
30e377d1ba51c3b618eb5ddb6b0f697f,0.503,0.0,0.85
4000e013436fcec129be057b50de8b84,0.431,0.0,0.77
248559913ee8411184e859b2cff03c3d,0.489,0.0,0.85
d64a98380acc71eb083b53619116be58,0.388,0.0,0.99
54d5f8e4072100cd14847b80fd5a05ee,0.284,0.004,0.95
63230c4ce167ed3b2078073f20e53040,0.682,0.0,0.82
de5f30824b3076c38c460c4b25c93bbe,0.378,0.0,0.98
977be77c61f840dd4474bfa9539d5cc8,0.641,0.0,1.01
2e94e1da9d127d899211d8035ef47e37,0.131,0.194,0.89
4f7de72b8f522a08c19b67098e7eb3bf,0.493,0.0,1.06
b52a0e5afbeaa0078a05686809a42aff,0.324,0.001,0.95
5eafc8712c38d4a4161fdad2a3676824,0.42,0.0,0.88
2f19efe094839a0af9a7636d906705ac,0.57,0.0,0.93
54b9e10723cde393ad4416e3b413d1d2,0.491,0.0,0.85
e3b1e7c9ff832bbce8dd353bdb54e06b,0.582,0.0,0.7
329eea72acb8d2a73c3e02263bd7804f,0.555,0.0,0.96
58908ab0a8a9a351fc130553fb9c7deb,0.578,0.0,0.66
847511c1b5834ef40a52df8dc2728761,0.656,0.0,0.72
1bcec1e4bb96d2ddeb872a24e1f22d91,0.607,0.0,0.89
ae804105a9eac1d79315eb701493b3c8,0.22,0.028,1.35
6e0254a62650e29c3f47099cfe731d17,0.353,0.0,0.93
f415a45d7ee027aaffe4fbce0f9a62f3,0.377,0.0,0.73
c9e3889e3f9729d09e1c27cf374b9eaa,0.322,0.001,1.03
0e730c6f8538015648ef71e91fc00e4e,0.488,0.0,0.88
01ca0bee5ab2dd5169a2f3f07ebc1bd8,0.485,0.0,0.82
33a0dd1a65aadc8b3ed534609062fe01,0.519,0.0,0.71
980df83bc6d896123084913b368134fc,0.296,0.003,0.89
2f0fd62bb61d1eae82733ab5b0520241,0.346,0.0,0.93
d3917c7f522ebd67bef2861bda3355f4,0.288,0.004,0.98
cbc18248903f9ab68fbaceb25f56b8f7,0.522,0.0,0.94
7dcdb7adf68c2e640bc0c6e758b8fd56,0.524,0.0,0.86
875ace29184db353f3c2529ae653df9e,0.551,0.0,0.74
c67f29c39a7308257247001ff3974123,0.397,0.0,0.95
2ce4ea5704c837db3795569fe45dbb1d,0.616,0.0,0.72
b8f5afdb8468438bae2d68bd5bd509ba,0.457,0.0,0.68
9f2cb34fed4ed1b427a40682e9881abc,0.739,0.0,0.68
dcb5573fec5c67649035e30917f5a46b,0.146,0.148,1.0
0ad514b9c6a508ce8a840eff342ae92d,0.4,0.0,0.83
0846a688fabc9c78c9bef2d0787ad5c8,0.307,0.002,1.01
e8cd867a448ba55f326d43972aafa121,0.658,0.0,0.76
c10ffa608831644429a642acafb6b16b,0.413,0.0,0.95
8e3f5f1aab1690a3f1190c6a66ef27fd,0.463,0.0,1.06
1f66303915d651fb164415033d687444,0.358,0.0,0.99
e0f9e4e9d75461ca90e7819142fd8035,0.365,0.0,0.99
7488c9beb354655ee4cdea58ef0a577a,0.401,0.0,0.83
f29e6fb71587e2056ec8a3fead5e7c00,0.483,0.0,0.76
f13596798d165ebcbf2bdefcd65c3d32,0.378,0.0,0.76
6c80bd6f5c9716ee9153431a020b84b5,0.587,0.0,0.97
df7a5be01d97d87b0e39585154aa9584,0.402,0.0,0.95
e00cee8c5b59474ddaacd1ca631a3f5e,0.596,0.0,1.01
9cfe34cf2b3b8249d2248d63c4a4623b,0.676,0.0,0.97
cff0569a473469c074531c6bd34cb7f7,0.547,0.0,0.82
d29ad061565648e0e83fa4b4864e5b3c,0.729,0.0,0.91
b6fd45d4ec6888601eb3038b7d541076,0.276,0.006,0.92
84fcc55cfe081fb9f962be5c795634fb,0.186,0.064,0.75
199723fd700c88742896152c0aa64b89,0.246,0.014,1.06
6da11bcb454b0bdd2801aa0e71637dd0,0.296,0.003,1.06
8bc3a3a3dbca5ca0c707b5cf52372be6,0.625,0.0,0.7
bdaa2f776ce533ab56a6ae60a3722d67,0.328,0.001,0.69
d42afca47c8d43f2dcaa01715982d55f,0.521,0.0,0.78
b04e8d33d065f6be9daf425a1e948a45,0.477,0.0,0.73
8a5c3d87e39a18f403c300d50fe38f32,0.176,0.08,0.92
56606a4d340f044f403ec5dd3d8c3c84,0.33,0.001,0.71
cc152d32bc005844df9e36490342cbaa,0.643,0.0,0.83
9fad4a98414c450795338d2e02837b4a,0.55,0.0,1.04
af5a6e7fb7dda32e66f90531dcbd1daa,0.684,0.0,0.88
41434b1a4f878cc9022a5f3ddf481bf7,0.57,0.0,0.9
ddaf1fbeae24c24f5e01ab098fd69cd5,0.556,0.0,0.84
669896f9c69078c931c286bcbafe8052,0.615,0.0,0.86
f26341f5e364733bb47d73a1ec4a95e7,0.567,0.0,0.81
501874fbd4ea298132683e5d198757dd,0.652,0.0,0.97
3541032f231adb8d6de1fcaaaff49162,0.423,0.0,0.84
7262295090a3c8b1d1930a719ad18d50,0.25,0.012,0.94
a5bfdbc2775061e8d3867d65334c4e24,0.406,0.0,0.79
674a822aef01fd7ff861c9888edeeea9,0.414,0.0,0.98
cf6dc583055f630ae3f9d8f013f06801,0.321,0.001,0.54
ed07b727f460cf4dc5271fe35186d674,0.538,0.0,0.83
c9073a3c6e9ebc4a2f5cef09f6cfcfa4,0.142,0.16,0.88
4a19b0e25571ea38fadf078780cd3008,0.398,0.0,1.13
453dbd9c851d4fecdc76d85d95894308,0.52,0.0,0.95
a0113040d0629ee8e422d0fa5ff68d72,0.263,0.008,0.87
60a8ab56dd26faffa48f2b7e75d914ec,0.213,0.033,1.07
edd1822ff58fc82c641528b9315bb4eb,0.537,0.0,0.9
7fbb9243047dc034ea3530dc9e9a053e,0.578,0.0,0.7
92c517291ee85995a81cafda69092ac8,0.642,0.0,0.95
b0b737b5ffaa3a369c28c3b312524f94,0.717,0.0,0.72
1db7dc266059677871b26971fec4e68a,0.524,0.0,0.97
3a0ffe91b1b040c64297b9c21bf52286,0.347,0.0,1.04
7016e01c39970e4700e0b47c09baa2c3,0.499,0.0,0.9
abd54926320c0957f12d25e0c032b7d5,0.451,0.0,0.54
af15e1956237f6ff109f66d167b136db,0.636,0.0,0.81
fe851d8daee40f8159117f1150ee6fdf,0.515,0.0,0.73
ff254402d4f2fb0129bcb3d93d386e9c,0.329,0.001,0.78
08891784317d6b34978f0b7be7269e48,0.463,0.0,1.02
25d83357f46a8e17e96b0c0588696bf4,0.416,0.0,1.11
eecee7d9fb65bdaa7073071fae57fafa,0.419,0.0,0.85
49976c02c8fad85f95bed0c0c7311931,0.591,0.0,0.67
20e42ddcb47435868b26b8da293feb36,0.465,0.0,1.07
2375c77a8e44a723bc4a4cb8adb5d2cd,0.622,0.0,0.8
9258660733dc20a1afda4b198f153ed2,0.379,0.0,1.18
50d41c0766405e982ccf524fa88baea7,0.342,0.0,1.08
2acbf0fced743051cb0ad727398982b7,0.376,0.0,0.99
01f679a61793770ff988030d47b2fbf6,0.557,0.0,0.97
110b1363bcf495b9f49b737eaf437503,0.301,0.002,0.87
68c9c14bd674369961ca39d21fa964ed,0.749,0.0,0.79
cae55e679410533721c4a22ebd0de699,0.735,0.0,0.92
4d7eb646e414478626408ab7746376ca,0.617,0.0,1.03
bd60cf5930cacaa3326c233f8f7a94e3,0.289,0.004,1.06
73cc7b1ff5771cdc881aa1e6e036bd86,0.695,0.0,1.0
b1f45344dfbd764335de988a4b888a14,0.325,0.001,1.02
fcd5785c8a4745da5dbae5405c292286,0.303,0.002,0.7
3574896e8c2e5374da69cfe5903d441b,0.616,0.0,0.61
e9b286913c1c7dfe9031def2f4c1ca33,0.397,0.0,0.81
9c3aea2d112575308c51b88d393ebfb8,0.187,0.062,1.09
fc24f7227091de1a7aedf245edcd8ce5,0.607,0.0,0.84
9887f626479697df07b5e62e80be0bc7,0.537,0.0,0.89
fcc326af3bb2ae5728e4ee1c3cc22283,0.689,0.0,0.88
6e32e84f30a610383a87e420c1db36fd,0.42,0.0,0.78
36744580dc4b466380e15ac4346588ea,0.26,0.009,0.79
bf32d8c778340c951d27491d6b399a50,0.438,0.0,0.95
2f3131ebffcd0291d2b8ab00f00d8751,0.638,0.0,0.75
cd3dd88973c4f5486753bca66ec4a19b,0.137,0.174,1.08
e8a6b41ac5f265893022d295dc95eb30,0.558,0.0,0.91
03be51930e496332510f8c7b6e50f73c,0.59,0.0,0.78
8734afabc21ea931222e5a0bb65afd4e,0.186,0.064,0.83
802df8fd123e79c81d1278966def0ad5,0.467,0.0,0.87
c6528b576cedece24e3ae87f5d51e50a,0.368,0.0,0.94
0f2134989304c4de7d02882e2705ac0d,0.614,0.0,1.09
8abed8b71b898434fd96d9a401c11b81,0.505,0.0,1.04
b714ac8313938c0807171aa85675ff92,0.266,0.008,0.97
6689d6569984c1d130057441fb4fde1c,0.403,0.0,0.74
64d3459a74bef9be1d1d5286cd97d0d5,0.391,0.0,0.99
88a5fe5ff5568b53c7326ef2104ece4c,0.48,0.0,0.73
cb7484cf0520e98781cb8820dbc21861,0.388,0.0,1.09
69af3c63bc59e5cfe37c46d71f56c045,0.495,0.0,0.95
6894f37ecfa97a7dad5cbacfe96b351c,0.482,0.0,0.76
8c391e736bd8a17a17caeb4476f36664,0.209,0.037,1.05
429e490978f15309bd04aaa6783b9fe4,0.407,0.0,1.05
b374866457376c9bed358be0c9ec5cee,0.663,0.0,0.78
62f1ed23e62c008956543989d58eab5f,0.522,0.0,0.98
cd2c8ace5ecbfbf135d3a9a58546550c,0.33,0.001,1.05
7677a3ff1115438f2c90e9ef88ce8d4a,-0.072,0.475,0.92
c68df7b7e5c64c7378f07c7426c4c41c,0.268,0.007,1.02
9c72430d7d28b24f4e0c9d3585df9ae5,0.64,0.0,0.92
67bcea0b22fe3734c90e32021591fb76,0.32,0.001,1.21
79b700cb695d1c9850c8c1a50b5d461d,0.415,0.0,1.06
fe45daf9870f2127fe08bdd4b694cbc4,0.487,0.0,0.95
5416a1ee9ade334a8e38b08d08f04b2a,0.438,0.0,1.16
a8769b5f9568b9e30e028b87db0b9ff6,0.105,0.3,1.09
c5645ff41adf2f320a48870650fd7a59,0.033,0.741,1.08
44ff53d01d03cc8eb2b56557ebce89d9,0.399,0.0,0.95
3e438e5eb77e8b0d537e0c4f493f432d,0.57,0.0,0.94
7f42f0e1b15986b44eff2ab25e6cd6e5,0.635,0.0,0.95
1d36a4e6ea452a1c01e8a9836e5e70e0,0.371,0.0,0.91
6c8d624a849ea1c23f3fad54e7e009c6,-0.06,0.554,1.2
63c444475e7c3ebb4a93d1eef21ff0b9,0.61,0.0,0.78
7947174a58db9bce604939170a8c12ba,0.381,0.0,0.91
209426aae7cd4666709a1fa186bdaaf8,0.647,0.0,0.92
ea56c76f985c78ab04273b863a05b6e0,0.241,0.015,0.99
14c9c383f274c66db1d76b7a992ccdd3,0.514,0.0,0.73
a35d8f07c834ac1463aab25592293c89,0.444,0.0,1.01
bc5368ed7b061b6706680e7f1744f340,0.487,0.0,0.91
a4d19cc8aa95e03a10f5af088d19b4c1,0.51,0.0,0.81
2bc4b186d7335658dca9090f11793b2f,0.267,0.007,0.89
de6982d369c8cadd09841f06668cd9b9,0.527,0.0,0.85
66d32587da8d5c5015c5b1d40e864129,0.676,0.0,0.79
2df74d6695cbbf0f50df37cba214261c,0.409,0.0,1.32
06f6a77f628988f31967b6a1a7ba4ca8,0.252,0.011,1.17
90ee49ceb0ab25e8cec36476dd141fae,0.136,0.178,0.95
fa988db68db5e7fb4fb30f6a5d6aa421,0.437,0.0,0.9
d4fd69e07969397ee392ac738e0129f8,0.681,0.0,0.76
2c10acc10ffff572aa1657a71972ad16,0.326,0.001,1.02
5f511f39aaa42be42ed036f3f12f38f6,0.528,0.0,0.78
9a163d6ec65068aab6c1fae4d8e24e4a,0.428,0.0,1.03
f72aa0c0cf3a18ea8ae9c620ec7f02b6,0.487,0.0,0.97
fb741cf11b677ce8207335474df5896c,0.289,0.004,1.18
fc961871a639ea2b0034f0463cd413ce,0.456,0.0,0.98
57fe89bfcebbb75fef02aeec43a35a94,0.454,0.0,0.88
276d6a094a502267bf268e442c774554,0.31,0.002,0.98
1d66391055a50f772cf657fafd447874,0.508,0.0,0.61
1eaa9bbb6885898e2da9e175da3d1dd2,0.416,0.0,0.96
e5314baacba9e0ec92022fdf3442d3d4,0.578,0.0,0.86
cac830129ac5cbcbdedcac0cdbd8a926,0.489,0.0,1.14
6521bf61e53307568261da632edf7847,0.399,0.0,1.12
67cd070055b4564317489b0d5efaeb70,0.557,0.0,0.77
f877a64d9094c377db38445aad8d9c98,0.566,0.0,0.55
babf2ab95c7731332c132782f6057965,0.254,0.011,0.98
c13302864f8ff5e6744ad34c2923c846,0.37,0.0,0.92
9b49175119670b578d146a4ff5099371,0.64,0.0,0.71
4f3f6c7e12c918c10190234cd2980568,0.477,0.0,0.94
2069c0f169af2eb5ca4fc9fd3c869b0a,0.34,0.001,0.77
35ae07643eb108f474378954b8974009,0.534,0.0,0.72
b73b39b6909922c9655fa98738d96562,0.563,0.0,0.68
4dd639f43bfe3d9e5905630dd73e9ef3,0.438,0.0,0.73
1e2c20c2af832eea6b84af02ae199394,0.384,0.0,0.99
8289e73813ccd509e30a6c39eae38178,0.472,0.0,0.81
7d870abd83df9919b6e2ca12e6487d95,0.398,0.0,0.88
a8601c04ff6cdf1dcba1bc123d1b7fe7,0.541,0.0,0.78
61193757e2e41e3716892c13f2e86249,0.307,0.002,0.82
b77fa2c4bccf28a95b0a617f8f484d77,0.538,0.0,0.93
6a48da52024f055e656ba50940378a02,0.512,0.0,0.86
ca49a43604e12dfcf300af948277a90c,0.5,0.0,1.04
cfb253a481c9d1050f553840c5173bff,0.398,0.0,0.9
ca24e332131e749875d6366460400a73,0.523,0.0,0.96
d0a83309675f081f10aef48a054e6c69,0.195,0.052,0.96
b89502f9522b62cdfa4bf2a59f3d7a59,0.121,0.231,0.88
bf7fbb98cbd28bb1b8cc452290138f80,0.428,0.0,0.83
cf95ec89d9a2ddf078720702f32d1fac,0.183,0.069,1.0
f9057d34639f0f64e71cb88149f5e2d3,0.599,0.0,0.82
f5facd653ff8ec0cda0b4ba4cbd7cbf2,0.576,0.0,0.67
7b447e8d8a77197671de3fdb92c5e444,0.514,0.0,1.01
82d1d265007eba2fa4f6928562758b81,0.639,0.0,0.8
dd19c59945214c0384438af69b22439e,0.74,0.0,0.59
13a021c91a9ea59b8420fef945bb1405,0.436,0.0,1.0
dcd21edd2f075c160b64535497d98ee6,0.245,0.014,1.08
0ce21d61ce0f59100b0163951f22a704,0.451,0.0,0.78
b3f945f508e26b5341d4b5fea1c537c2,0.61,0.0,0.88
a67eaa89607fe3b79b5d348f1e5f273f,0.391,0.0,1.0
46eed1c6f1d84c1c61ad5527568cd6b8,0.339,0.001,0.52
447e4c98720e722e1d594510350dafc1,0.51,0.0,0.94
1e9abaf55323c8ef7253a524b6f8860c,0.585,0.0,0.6
a02f615530c7fec8584067f0a7fa9307,0.392,0.0,0.96
6725cb3adb637ddce4f85699f4611488,0.197,0.05,1.1
d616bc7c1c2a922ef3aca5ab6c2716df,0.653,0.0,0.73
19d167011f388a5c98b2a68eef777fa3,0.739,0.0,0.75
222aa767d24ddc7a0cd4efba467f261b,0.528,0.0,0.87
f10837921363c1a483f7bb8b11bbc9d0,0.528,0.0,0.86
814057409aee5ff320e7aff05390371d,0.548,0.0,0.69
c7f679505fcd0ead4c5fd3300e3b2c99,0.623,0.0,0.97
a530d12069a30bb943813760bd68c314,0.316,0.001,1.18
2db48d8193daba49a6c6879251beaf54,0.166,0.099,0.87
4b4182e4f7de2d00bc0803504287de20,0.515,0.0,0.58
709e858128f8477f2575ad745c3570d5,0.421,0.0,0.96
c71215898d5942b0c279220187389b05,0.74,0.0,0.85
1f7b4cc364f83969d139ae80b4b69fe4,0.435,0.0,1.2
6a8a36636537d9a3b90f9a02989c7f09,0.431,0.0,0.87
e1abfdf0761ea4a096ae4c9d6373d2c3,0.567,0.0,1.0
978b6954929e8ac7d8f349651fe53556,0.313,0.002,0.72
cd8420ea35641c0f40c9355062ca4139,0.323,0.001,0.94
27888d9213314d8feeacd3f96316efcd,0.34,0.001,0.95
7b7fd7625f238f22e07d8bb1ac9716ab,0.581,0.0,0.76
2beb31a1e7ef5c322afc17476cfc6db9,0.649,0.0,0.78
95c50e3d53218a77edeac4b46764efbb,0.47,0.0,0.95
94dcb8f5eda6cf7b743472bb4b753245,0.187,0.062,0.81
fe763a97df7287339c097b6e5fb9a343,0.229,0.022,1.28
7326a786a48cc39675cda913e11d87be,0.296,0.003,0.86
05e692c5fa868db5396fdd604ac62a51,0.407,0.0,0.57
5f1d510004d0f50e7c81be19c6a30109,0.453,0.0,0.88
4984ef78c3c30c9af944afe7673b0b5c,0.216,0.031,0.88
d7d01e9cbf97e6700f40d5bbe9bc4240,0.305,0.002,0.64
2299e495028c6dc2aa3b25c4afaa6ba8,0.52,0.0,0.81
d85a3464fa8bfc9af2f44272f52c6713,0.493,0.0,0.84
093d1b4893c40fca2a392179f11b6242,0.507,0.0,0.76
b182d4c46745e9de8ee7fc9d6abf7e4b,0.43,0.0,0.74
514d55e019042c24e3cc2d4863bcda77,0.302,0.002,1.23
cb874ea7bc63a363ac35454cefe2d3fd,0.609,0.0,0.91
2d5d5d672d5be65b1a7f58f8084d6082,0.371,0.0,0.81
2b48b8a9efb00f037e64aa69b4ad368d,0.482,0.0,1.25
71fc321e42009a617a91338faf7ccab0,0.381,0.0,0.8
c789d8498207064b9b3adfde179b0af9,0.466,0.0,0.96
cd92ec2817d7eb648800bdc270f16770,0.322,0.001,0.9
68bcaf00501352d2f60633e607250763,0.237,0.017,0.79
d13b584b1c8ae0b4c5919d5a3994ee93,0.392,0.0,1.04
542e04df071170c57db021a439805863,0.564,0.0,0.77
8c5692b2ecbd1f3f3078a70a8ea0f9dc,0.589,0.0,0.95
87ce9a86c48afc8a951510012eb76e28,0.35,0.0,1.21
597f73a436bc98f32fdbf7b413706064,0.657,0.0,0.85
f2100e58ba325e6442609fcee08a56a8,0.527,0.0,0.9
8059652baa646850af9c73154b9c0e92,-0.077,0.447,1.11
128e461f1e8589d0542f6f03d3f357ba,0.336,0.001,1.07
28137aa2114b557f5ed4ab0a02880b38,0.461,0.0,0.78
426042a5988fc24b7dd36c3ed7d38add,0.198,0.049,0.98
78c7a922328cb48285097cea8d83978e,0.493,0.0,0.71
2895df3ba88873bc664bcc8c1fee8fa1,0.426,0.0,0.91
3fdf7fb92981e1f2fc27fdd8cbd55ced,0.587,0.0,0.83
c4cb94489ff34beaddc51e17c01e309a,0.612,0.0,0.91
0634441c830c7424355dcd0f8ffa9ad2,0.435,0.0,0.87
62842de43985b698f5d9cac33ed78b8d,0.463,0.0,0.81
a909a0b62df9ff2a37bf280550d8ad86,0.61,0.0,0.92
ae043bf8d11898cb8dc7615055c77b39,0.483,0.0,0.79
77549e19f88acb87020fa05024de16f7,0.361,0.0,0.82
7a39af19a97210aceafee69b9bb17751,0.425,0.0,1.02
eacdc3862ee3887489ed7618f542574a,0.425,0.0,0.86
cf31320292a2359cfa5d98bf38be5d01,0.466,0.0,0.74
606be373347fb014dece6b34854614da,0.426,0.0,1.06
aae89e4762395dc64184e5ac6cce2c54,0.463,0.0,1.09
7c01fcf474b9062261b77b19f0daa067,0.382,0.0,1.24
8ff6192bbbb717c36097b33e244d91de,0.281,0.005,1.13
42fc56f7f8a95bdae506145b0e28f79c,0.518,0.0,1.11
7127f701bdbe1fad25063c8d30696a9b,0.653,0.0,0.98
ad26a5e4f7e22ab5cb94e67f53e0ce64,0.34,0.001,0.91
60553c38a0984537ee0b6c9727b67a9e,0.627,0.0,0.72
2664375fba53215e0c876272ef7efc46,0.655,0.0,0.81
5952271f836c401b68429a537fa10b60,0.529,0.0,0.85
3d6b795dc61492d57e7fbf065dad3f67,0.569,0.0,0.86
2e2ae573f72dc1bc55697110b73fa9fc,0.433,0.0,0.92
5dc34ebd8aa80bf95fa93881a332ed5a,0.495,0.0,0.83
39bc341bfaee8911ed7bbb7e84af0e0e,0.482,0.0,0.68
61cfcb0b2d188ba6b36ab20b8835019a,0.191,0.057,0.92
fb18f0872e3b1c4b1295abd755f49a94,0.439,0.0,1.0
f7f9a2f23d81c3ef6c14b3edb0b9d6e7,0.596,0.0,0.68
67f1bddbdb60c7f4a82c9ae9e88d4e28,0.375,0.0,0.95
f7acafa4fdd40e4aa7134fbf611203f2,0.559,0.0,1.04
e173b1dd17034a46fd046437e70304c0,0.771,0.0,0.75
1c7ea4a69decf3156a2d496d33ceb1f3,0.318,0.001,0.85
b326f874513688e9cbf0d2f9636b5be1,0.424,0.0,1.02
b9a44bb356832160caccc9eb3614e0ce,0.515,0.0,0.96
7d1b58bed445a48299c8a3c7c2df38bb,0.626,0.0,0.84
77d276e44e4ee62c94e2f237531b3730,0.368,0.0,0.87
ed412a19fef34fc7e85be58f0c3f2cc4,0.255,0.01,1.06
0a6b227d346e216c186a0b5520941eb0,0.454,0.0,0.8
b4a21c82de4011033c8ac67081ff939c,0.531,0.0,0.91
6c63607b9c2306a0a2ffb752db31eaa8,0.53,0.0,1.02
b76fa5fcca4d6ae77eeee584318f0c87,0.405,0.0,0.81
2a9803801897e4b5a246d3db805d6d3f,0.366,0.0,0.95
a30a4a6e6868a2be2be8c7cc3e364e3c,0.501,0.0,0.99
5676f0a7fe3d08d369a4147e1c17f40d,0.438,0.0,1.02
539f283b9de28d92d3f97a5873c55014,0.375,0.0,0.94
e6bddeeef000dad8f8b97ab4375b2bf8,0.501,0.0,0.93
53c14712e1e30e64bb7b2b651d0b1750,0.256,0.01,1.05
456aecccc2c1a1fd00f05daafc4afcce,0.425,0.0,0.97
676b04051e8e7e5a440a5cac4f5fb27c,0.397,0.0,1.1
623a951f38cddbac4cda3aee78cd00b2,0.715,0.0,0.85
23d8a242790422740759c87bb79d3976,0.333,0.001,0.84
0daf43c6f08a0a2d9e5ba82ac4fd5b7b,0.376,0.0,0.97
0f9c970a4d666e9c2334366be7d2f4a0,0.211,0.035,1.12
1be4d69f1b769cfe8ce13e01d1aeac40,0.288,0.004,1.1
24f73702cc0151cd610f424ae1f7185b,0.424,0.0,0.88
b015594815495b12c3d0904584336026,0.482,0.0,0.68
3a21874446382e402adf27ddb522d6b5,0.445,0.0,0.6
fbb9472a95636598aab9ae1eb015cc89,0.573,0.0,0.95
090dd511c63a028cbd1ae9f297619354,0.427,0.0,0.88
f61d9fa4e2da6a4b79399496864c45d0,0.518,0.0,0.98
c3365eac62aafbf413a21c8247f90375,0.283,0.004,1.29
74a4ec10660a79e01236d82ede9d0418,0.619,0.0,0.71
7cd97c61b082258f4bc51fc459060830,0.487,0.0,0.76
f3dda0aa282598a1f19e93f8fafa96d1,0.255,0.01,0.81
fc2a5132feb2519d869af08e5bf130fb,0.415,0.0,0.92
be9590555cbbed73dcfc4e819767be37,0.707,0.0,0.85
ac4e837ca6f62f9ac9f1567c5613b52d,0.706,0.0,0.88
994e8b2d76c6fdb6ecbcc393bbb871d9,0.556,0.0,0.77
74335b58efd72dad3c68f77479e5c66d,0.614,0.0,0.82
9d8d7fc075620a0237575b79f23a94ab,0.289,0.004,0.85
28b0d8bd301c23701ce9c43b8acfd044,0.487,0.0,0.92
0efba48dbf174b3415146a544a266434,0.313,0.002,1.3
ea9d5e3f8f847e68c2d0718ba1bc3e36,0.01,0.922,0.89
f0efc9018fabdc96e8ba618ad2c3919c,0.664,0.0,0.6
956adad333c5035ba51f246ed5cea99c,0.429,0.0,0.85
cee8e157f160000ceeee731d133b5d08,0.337,0.001,1.06
a16a56a6eb20a1c0f28e92957782f01a,0.699,0.0,0.79
235563c7c0b42864b772c2f541d704cf,0.766,0.0,0.74
25b498cf24d21ba39a34bac76fc9f562,0.464,0.0,0.94
c1e1a08c25f067d6f7d9273ee26f985d,0.367,0.0,1.03
8eafaac85820f80ab1bdb8904d9c216a,0.658,0.0,0.7
d843eae1481d17d21e74aaed15169363,0.7,0.0,0.76
9be501c46d5f0c57bd272d182e4f5549,0.359,0.0,1.07
5f2fa66bd69d9707f5e64a222ac638d9,0.671,0.0,0.75
890980a41458ab170cd39f0911dc19d1,0.207,0.039,0.97
ff8629b5470c6285bc1a6540f0cc0ec6,0.327,0.001,1.0
7081df99c31575377640ef9040e52bc5,0.421,0.0,1.09
0786855c7d247776f046b4414b875a5e,0.623,0.0,0.82
9e0fc047e2279df7d86e1d465bef9115,0.366,0.0,0.69
70e9e8ac0e712e0f5855f137d127c072,0.432,0.0,1.18
d49197c4a122c18b4bea3773c069f0f4,0.731,0.0,0.79
8d04efb8575f322e61d6369bdf2cdfa6,0.493,0.0,0.63
1df34ab100f64775989d4a9f55d82f35,0.143,0.155,1.03
b5b8066c4c91704ded8bce494d4e0630,0.385,0.0,0.74
02fc0b5bb0b0532c2b6c6571215de6d1,0.487,0.0,1.21
63eff09501323ff092779117f17c914a,0.319,0.001,1.0
476212aad9d39739ab6c28910d9bfbcd,0.587,0.0,0.87
8c8244dc5ad89d38e4b0c4b7a1651cc6,0.075,0.46,0.82
c544ee15861d965fb00f4e9c481b05e2,0.538,0.0,0.67
6191b5a1e6b39325ed598ba6c02e7f37,0.377,0.0,1.13
0b589f78ca728dba2b4d24806275f6c5,0.542,0.0,0.93
2ae7c3a98b51bbbda7dad16747b3c848,0.34,0.001,0.85
32ed6399a484902c30e5a9e5cee7941d,0.433,0.0,0.97
ebf61e5bd93873f7a73b985589fe5633,0.447,0.0,1.06
e42029204a2cb10c3c0da2723fd1e004,0.383,0.0,0.93
dc19576f43fd355f1201feafc29d175a,0.528,0.0,1.13
92f43099f73ec97c1df40dea22d32250,0.534,0.0,0.9
c6faf42a7b7e174b7719eab1662a9dcf,0.516,0.0,0.75
b7eeffe19e125928ec2128adb136a2e3,0.323,0.001,0.74
52054d7c52b4fdf713fe0188e3269f12,0.062,0.537,0.81
b572a9bdb35ed1ebdaf001dcebe3bf4d,0.487,0.0,0.92
27a92df10fe901b00d633e3e83c8c4de,0.55,0.0,0.87
6f42345741ecbfb5364bbc3aa015de64,0.515,0.0,0.97
0b03d53640a8675b8f68c6700d79909f,0.311,0.002,0.93
2ca897db95ccad15bbecdaef7870c245,0.462,0.0,0.7
2c70380bf5da87f192d30b4e5dbed08d,0.513,0.0,0.82
87182b27b1f3a63f822c49ad014e7709,0.549,0.0,0.84
effacd4b8bd3060a993e09ee9f90f7e6,0.174,0.083,1.09
f031ed65d8f8197dcf28d4238f4d0649,0.417,0.0,0.94
56f5bfcb653f44297df7777a48a4a4b3,0.665,0.0,0.97
f7697dde79be760d858d497acc72d857,0.455,0.0,1.11
ab5ef1673d504433a59371557c661f6d,0.413,0.0,0.88
38088d475ea168360b2c87c06c26a2b1,0.355,0.0,0.84
df8ea635034a387157a5c5c1bc2f9bcc,0.475,0.0,1.0
b08971d6d9d5c92d5538b4e02afa23c4,0.477,0.0,0.84
6dcccfacc711a3892bcb739a7a276d50,0.739,0.0,0.73
65e87e90444649250ee932fc7ebc4b43,0.521,0.0,1.21
9c5e4dcacf447e7997b01bf19160a9f7,0.483,0.0,0.81
f4f7ef852a8606f4251986c638109754,0.507,0.0,0.94
6bd1e6d04774fe1413c8fa5b4164acd6,0.481,0.0,0.9
cc870008091209191b7b282b50168593,0.402,0.0,0.77
b801e6a2a2dea79f6445585ae781e99b,0.658,0.0,0.93
8cb26a6a86f28cc58259afe512ce2646,0.381,0.0,0.62
4962ed80ba31d7d355a944d65f196f9f,0.768,0.0,0.66
97aced0d899fce73fdc57d4b5522692f,0.396,0.0,1.05
5d3a476f2844f2e840ac905cc07f8bc2,0.426,0.0,0.71
bedeb3ad0a48ca45d8f9436720a526a6,0.191,0.057,1.01
e81ccc88fa6427fbde97f9e0b9674be8,0.51,0.0,0.68
a887009623a1c957d7a97fa6588558b7,0.401,0.0,0.69
3afb599e3c0f304e7f69122ca0e3c820,0.455,0.0,0.83
77247d880cbcaaf2f69c79674dbe543b,0.337,0.001,0.95
2080fe3a58a912159aa859a26fa1834d,0.377,0.0,0.84
fa06a48557effb32c66ed5eebedce843,0.549,0.0,1.1
15630bb98dbba372ca6abaf902c8acea,0.294,0.003,0.99
d9b7eb8ac6def75cde2b32281ce88b15,0.545,0.0,1.03
cbcb9c7d4142c6e35df51769ccfec527,0.357,0.0,0.79
8107ec9ec8d423907ae6c8123e71f19d,0.55,0.0,0.78
6439cb8a999ef4a79737198b3bd21575,0.465,0.0,0.74
a13ece20d8ae4663c0affb4b19f1cf17,0.157,0.119,1.19
88e02296617fc00cf1a46be513ebcffd,0.472,0.0,0.91
92b40bde382026993b487405030b2312,0.661,0.0,0.79
40f9b37627804de476a10bafb527e08e,0.573,0.0,0.87
e2ed5508a2c38bf09bf2f2ad52b500f1,0.527,0.0,0.89
5945f85d773f5a5d04369319e1b2281d,0.473,0.0,0.95
85340ce580bba54af6b4361df323c497,0.443,0.0,0.69
3592e1351f095c6a038bf446d4287641,0.49,0.0,0.99
331d2f42803e0253ae9ff9d78ea9a6c1,0.037,0.714,0.77
a27de41dc0347df96e30b7066376af8f,0.613,0.0,0.86
06b01f70c8b831df21073cd52a6ff5ad,0.584,0.0,0.79
49fc2528d8c59365ddd383f5fb561511,0.471,0.0,0.68
dd51c7c3220a802aeec0810876cc2e62,0.286,0.004,0.89
b9ed85f6cabcfa29d216334dadad7374,0.498,0.0,0.93
d007a2a659630c7aee89a1184102e493,0.572,0.0,0.92
dba77155ae9d74f6c25f2e67977da55c,0.638,0.0,0.82
aa145b4e23e08e4f7340e1fa57f41332,0.56,0.0,0.99
616bab4a9962d802dcbdccbb628386b0,0.17,0.091,0.95
9dbb00b261716a15f4d65a5cca985ac2,0.399,0.0,0.95
26d1474fe97fbd81041aa95fdc4b92c4,0.402,0.0,1.05
56806b59ac1d1dafb30e4a4c845d21cf,0.326,0.001,1.06
063d77f3528d3feff209505c6e2d0fe9,0.193,0.055,0.91
54f2401fdb3bfcdd488c893f4780a1cf,0.23,0.022,0.8
93ac0f84e8d852711d3ffaf5929397dc,0.633,0.0,0.7
e8b7958a42b6549bc8c07464332028fb,0.221,0.027,1.34
2135e5f178039571741d36dcb62fc952,0.365,0.0,1.12
827bfc507fff049e30387832675c47f4,0.334,0.001,1.16
cb4b45c441f36b033afe212eb7c4c82f,0.493,0.0,1.17
9d5be05bac745f58c64f6eea4a60a4f2,0.589,0.0,0.9
1383127bd39fb67f30f32244d2346e96,0.583,0.0,0.82
0765c56b2da0e50568488dbbbe93751b,0.421,0.0,1.03
abf7d85e7c3ad6ec2005c99b05c2ff8e,0.455,0.0,0.65
ea113c227e7512c9ca71e0c6e1d70481,0.637,0.0,0.85
5dd75ddf8210fc0f0f7ec5171f937ec8,0.539,0.0,0.9
6399577bd617fdb1e2d9d33944f75b70,0.429,0.0,1.05
49009552918489ac47bb079c1722d348,0.649,0.0,0.84
5b8443a30bf38a330881be877d4ac3b3,0.629,0.0,1.01
3ab0cca9484c69d930b256f504a76144,0.653,0.0,0.73
564d08eeaf5f99db2df3e37ea322c540,0.513,0.0,0.77
473a39549f09e4df0e9b94e3e1ef68cf,0.308,0.002,1.01
4661f7c3172819fa337c0799edc55bdc,0.467,0.0,0.93
b8b5a93277a8e8fdcb483506122fae47,0.331,0.001,1.05
b4fad9af29aca006419bb701590776c5,0.442,0.0,0.91
2141569be3b79759c1bd9d2818764d8d,0.616,0.0,0.85
fefdc02f7ec98cae2ce8b4a55b1e45eb,0.455,0.0,0.9
025a45576790635f6144f19f7747aa2f,0.339,0.001,1.15
fdd29df11d3af38a69a5506f056aed37,0.462,0.0,1.09
8c229a36d574d8fd7cf92df86bf9834d,0.426,0.0,0.94
6e7440183569c530283ace04ea4c8540,0.745,0.0,0.86
09e826393faf7ff41118c51acafc85fa,0.747,0.0,0.76
e9cc30c46a937201a3054b3676e9c536,0.485,0.0,0.93
11d48665b8fa4d6e54ae4580db3ef154,0.086,0.398,0.86
5cd45392b89c046db847b4632702a028,0.273,0.006,1.04
f9321461b1c6b7bee5615ee1e8d713af,0.386,0.0,0.98
a63a43d8a197935264abe0d57d930712,0.449,0.0,0.98
2eb965d031430bb1ac6ceb6cdff812ec,0.307,0.002,1.23
78b2b3b05c990313d576a276b0d89817,0.417,0.0,0.9
5f663b18161ea99ae8ee91d7868f4578,0.367,0.0,0.75
246ace84beaa097e5c3c8863c5cf8786,0.557,0.0,0.95
5a388b2dbe6b280b6d906fc4f79a8ba0,0.676,0.0,0.87
f2881df0909ad591a4842a93d71edad8,0.649,0.0,0.72
eba81ddbc6be26d5ca0e01b25be006e7,0.159,0.114,1.1
3d280b755a7069517e870dc403ad4881,0.104,0.302,1.21
3dc724174fe3771b98a9761b900044b8,0.685,0.0,0.87
3ad71aba27c4ac77006ee427f2f02121,0.396,0.0,1.15
ff70e065c8e49e49c99f6c434c06cd3b,0.216,0.031,0.78
a1ac4350348b749195e0e8922a8d11c9,0.576,0.0,1.09
849a43df4deec49316abea59d60986d7,0.401,0.0,0.87
49701aef4f1dc8240cbf8e338537294f,0.514,0.0,0.78
13621033b448a6cca1f4d1c4a4bbffba,0.695,0.0,0.89
8ad9deb29b27835452b0ecbe74b2015d,0.521,0.0,0.99
7f820422b8b1d15eb93f5d97549183b9,0.292,0.003,0.96
e409fe8ed9f4486797c165e5bac58b39,0.255,0.011,1.06
fbc3e3499d90e50acf6049e1d61a6a09,0.652,0.0,0.92
9b1f2a555fcd600e7ed9a6a9bcc7030e,0.529,0.0,0.56
b2a05f30f991a0c6852a041cd4d8f170,0.078,0.439,0.83
173bef28b553391dd0700e83c945c166,0.182,0.07,0.97
67958428b0302edcc8ecd3f1dede12c7,0.493,0.0,0.62
acbda688f5b8278a2c43fa068f270567,0.317,0.001,0.93
1e666a77534c60e311ccda5e53ed555e,0.558,0.0,0.82
7101ac22f7d8d16b5d638bae6d4abdc0,0.732,0.0,0.78
dfb8b08828811b2385b7d866349f3422,0.485,0.0,1.02
b311c3b5c0b5a9a0f26508f97f6cdb6f,0.263,0.008,0.71
eec0e01d9930a1397b10ec8106480438,0.398,0.0,1.09
1e55bac319b64659679b55ef2d681063,0.504,0.0,0.95
e34a225138445119ead89800a6bdcd96,0.432,0.0,0.75
6c140cec9271d941ac97ef41d25bef65,0.254,0.011,1.01
8e0486d8a823b1418bd4f4ab6f740398,0.633,0.0,0.86
89bad75b6e6c2c82b16fc10b13ad12b8,0.429,0.0,0.78
b564d9dbb7143e2f5ea548e2816ae0c2,0.375,0.0,1.09
f990c1bfeff87d1477147d7cdacd715b,0.522,0.0,0.94
749b8c20ba2f0961865bee734317532a,0.539,0.0,0.85
90f86799163fd080cc9c7c2506be46ac,0.644,0.0,0.86
cb61ea404561bec7bac74e07a086dcd2,0.663,0.0,0.96
b543f9198d4aeb6325439c1b530c7ea9,0.428,0.0,0.93
63897e8dfe9e634b702b787f2c13a073,0.551,0.0,0.86
519e89a2b77fad6fd5daec56564a43f0,0.292,0.003,0.85
5bf9afb8208135c02cae55b732a2dd41,0.542,0.0,1.02
6bba315c450feb56170a26ba58a8ada1,0.45,0.0,1.08
e849e849134af7adad8f2fc6e5e89018,0.407,0.0,0.79
c2052f43a04ce60b3a5f2747d445d2cf,0.353,0.0,0.9
f5ea0767873d7ca767efde090696efc7,0.517,0.0,0.99
cf5a3f66c42918587a1428a6f7d7eec9,0.502,0.0,0.95
bed2a8c14b0d9633aa1c4205511a183d,0.63,0.0,0.76
7a6a28c7bbdb17320b5a0bcfb97e3224,0.512,0.0,0.8
5edb44f6eab24c3288fc0e7aae8896d2,0.452,0.0,1.14
bc619f7cbbdb1806e386554e4b33a439,0.261,0.009,1.02
b4384d26e522ef0f0bc4b314c23a20e4,0.564,0.0,1.05
1c312223f4086869b2f1683855605402,0.52,0.0,0.9
9ce23fc1c1b62d7ee47533a24d0eefce,0.318,0.001,0.9
fa352609aae2409ca047da86f6be3cfe,0.48,0.0,0.87
807ba8b0c70db94c0a1299a0761ee962,0.725,0.0,0.66
c1f6d40be838064dbf04b5a425fd6340,0.525,0.0,0.89
9414a5acb1bf40036957a92a5dc54df1,0.637,0.0,0.72
02884478faa923c774a87a54f9e34ee2,0.436,0.0,1.23
03eac17a14ac0d04fa825f0e2e72c68b,0.504,0.0,0.98
27d8baee985c06dd5b4650fd0a88f4a4,0.464,0.0,0.73
13ef1d8f269d7fd3c80cdc664f275be2,0.432,0.0,0.67
17da4e90aa0aa8ae200497c199198b37,0.553,0.0,0.65
403af82126552207e5e4bdc0276441a1,0.296,0.003,0.92
4e1b0c64f4a888c7db436fcf8a5a036e,0.448,0.0,0.72
f80da5f210773dfb16dcef22b93665ce,0.399,0.0,1.25
2f5a6e5af6eeaba4b4eb96665590db2b,0.344,0.0,1.01
1c74cc3f885e72ec8d8c06fe56388ba9,0.239,0.016,1.01
38ed2f6cf7bfd00ce327a9cb451d442f,0.628,0.0,0.88
000a252c851cd1918b55c0c52ee0ab24,0.635,0.0,0.57
8aae8c55144d2be19ac6f4d07b355518,0.632,0.0,0.73
33db1ed2bbba92fd7cc76a8b81da8440,0.222,0.026,1.25
b7a28d642892a3e09eff54a5dfc0d13a,0.135,0.182,0.58
1b13f43d560c07faa6c3f5f708910b44,0.286,0.004,0.87
93511fe9c8abfac62034d9c3fe84aeb9,0.434,0.0,0.96
ddb8d9bec3c1b9fb408c530aa11a7659,0.406,0.0,0.9
8dbfe02badb04aa3ef17c76a3008a886,0.614,0.0,0.9
fbfc29653610ecce9c242a4bde939769,0.256,0.01,0.95
30feb4557a44967efa55d532ee126c4e,0.258,0.009,0.62
bb0190126c5d2dea22f6dcb28a41da2c,0.253,0.011,1.25
ab086c3114d1d4435c606d0feb59f707,0.594,0.0,0.89
735802323c2293146bb14ab704c1c7ac,0.109,0.279,1.11
80dde9a78df2433059554a02370c4782,0.482,0.0,1.05
9861c7b2a69ead7a85649f9990795ed5,0.499,0.0,0.79
bc0f425d7c1264d1c0ae9db2b3d214a3,0.457,0.0,0.83
3d9fec6c25d3ab2f3992abe929429f4d,0.394,0.0,0.93
9a307c908e741e9184478a39d3c4733b,0.437,0.0,1.11
c8a7bcdf2a18d06d6581a861ea495151,0.429,0.0,0.72
c8b58b7495dbdbfdfb446b3aee51acbe,0.662,0.0,0.87
2371f09a917d3730ce3260529dc80e2a,0.26,0.009,0.73
baad1140224cb700c2380c18a7494dda,0.371,0.0,0.93
d694b252664656f2d9e08cd2c70df3d5,0.441,0.0,0.83
32cc2c24d29fdd9f154f7212eceb2655,0.351,0.0,0.96
5818e0ed05c6485ad008ea52ae5a8c5e,0.316,0.001,0.99
216cbf02179ffaf4e7119efb9f12771a,0.519,0.0,1.0
7196aecc70a2b910a3c224fac2829c97,0.523,0.0,0.96
eb99b74c49791a50022af665f157019d,0.462,0.0,0.93
6493295889394475927a979f41ba63ef,0.632,0.0,0.73
d6ca0e3d23c100a1dc5c796a463929ee,0.393,0.0,0.74
df0c66b29db4a4ec112ebc25407738d5,0.722,0.0,0.88
57d339c6e0b31a5ad9e4faf8d4c69afa,0.353,0.0,0.79
d2525d04629a27871ae9e216ed27a08c,0.377,0.0,1.04
f6e8b5f531c7078b716e114602e28afb,0.332,0.001,0.98
73d8fcbd7e2e4ca59f34e3fb2d01dd41,0.42,0.0,0.94
1e1e2229b7431545a5e89a21dfea1976,0.557,0.0,0.89
8cd9a1fc75de4ced35dfac5d8bee1256,0.218,0.029,0.98
36839d4d3c5711dc7315253a5da4d45f,0.422,0.0,0.9
2ece434ebb56373d31f71afa66e31032,0.593,0.0,0.56
6619a555942df9c1a925969bbc1b081f,0.557,0.0,0.78
195ba08ef5eeb4f7e68d1e5a08e532b7,0.541,0.0,1.01
d1ff0f2577eddc7ab47e50899ed05088,0.63,0.0,0.73
899b3cdb33653c3148cb6badca0e683b,0.178,0.076,1.06
c05ed3a95d41017df063ea13970d5502,0.65,0.0,0.83
9ee314f0ad5a06a203730799a57bdbac,0.647,0.0,0.8
a20ae10c0f0e338884dfab86cadb8547,0.194,0.053,0.87
ba9446ff1ec10c5360664e08c7996cb7,0.378,0.0,0.98
d3c090a579ff20a744724c4e50d99550,0.251,0.012,1.34
6245e76dc8ce6590d2a732ab0d43bc59,0.493,0.0,0.88
fbda88d27f90d85e10f86c3893d8ebe1,0.242,0.015,0.96
d89d757d77d2b6f2785ae7e1cd1c4c83,0.436,0.0,0.81
6b87348fc07ad6a40a4fd9d1824ac4c3,0.395,0.0,0.57
79cbbe278e61c7bcc0d174f3da74ec4e,0.568,0.0,0.88
a2de7c4e0e57db1e17d0bb70be8f21a9,0.628,0.0,0.94
4a774ca406977b32f9a15e28cdd19110,0.343,0.0,0.9
447506414b54e91707d4ab067863488b,0.533,0.0,0.99
387a7ff24b6d04ba065398d8f0f5c66c,0.31,0.002,0.91
21089e33cb7cc8603e738db28ee349a2,0.4,0.0,0.9
aea5f0d1397018f06cd2121940270d32,0.486,0.0,0.83
141d0e5a91fd9f8363eb56aa7ed2d826,0.678,0.0,0.7
d1a24e0751331d9e7daa5e590308c6bf,0.212,0.034,0.72
961be32f9dd3877abb71d6f7dc207906,0.492,0.0,1.03
e618dbf0bb6006fceec53da696a9af68,0.423,0.0,1.13
50b92b9079bb0ec65f3995dfa1579706,0.452,0.0,0.9
1c075e693bdab3c024e8c044246aaddb,0.407,0.0,0.9
85d60e6abdb7801267b88c8ddb003c4f,0.464,0.0,0.72
670393ada2868c028510a3bd4a2cc262,0.687,0.0,0.82
209b528915023c019374e57ebf60712f,0.438,0.0,1.06
a56aa3d85d8f285f8a8edc9e51c323e6,0.358,0.0,0.88
c091f95eff855c377ecefb6becf74a48,0.56,0.0,0.81
0ab5e0ac5f4e0528041481299ed280d9,0.579,0.0,0.76
abf03a17fdfc32ce6791f912903926c7,0.609,0.0,0.65
3da8292a5d677189e1f3e05aec552c31,0.214,0.033,1.19
17a03f39cdf8b87f8b2c040ec171ab56,0.542,0.0,0.83
29754c84da7a3d42671de803322f1406,0.507,0.0,0.93
5922f1b2652761e6759797bfe53a5256,0.327,0.001,1.06
94b7c907267d52078e9a1e74dbeccab6,0.376,0.0,0.8
a4a6525085ec9c8c72d5f2fc7eee7f6c,0.456,0.0,0.85
4686385de612e62e116f7265cdac8b29,0.367,0.0,1.44
e258f7b95c5f107c962df5e312597199,0.631,0.0,0.72
f039319ac444e688644dea7d8141543e,0.571,0.0,0.95
1e8f853d8d5cbe7b5b523e31b076fd50,0.433,0.0,1.06
550b56f02dff65cb31ea7f0ab522738a,0.288,0.004,0.93
76fea1852254cb4c738afe7a0540a9b6,0.416,0.0,0.91
02a60e7aa7bfb0bb9e1ce4c4d9d7ece8,0.309,0.002,0.96
7f32cebae2e681bce773258dceae0b3d,0.58,0.0,0.8
fa587579c6fcedd24f75eeb659a125d4,0.445,0.0,0.91
d53c5d9d163d5ad9d3e77db711c7fa0c,0.529,0.0,0.91
318f8ed940682bec0f3a89b38ab7db63,0.352,0.0,0.89
148ae6c97255907bd8706759f7addcea,0.447,0.0,0.9
579c0bdbb1cc7cb1434e38b8cbd20d40,0.356,0.0,0.93
3f969c54b8cc5d92ad9663373ceee3c1,0.28,0.005,0.88
f4821feabdb53693ca150b0168b77040,0.328,0.001,1.23
57f99525840bdf68c8566ac6844648c2,0.454,0.0,0.87
3f1a990f7565ce62ce3808c1b07816ba,0.332,0.001,0.56
aa1de80c3e0d161e6a98aa9fab976bf3,0.523,0.0,0.82
91085d1c150ed2a0accda9288c6ba39b,0.573,0.0,0.89
eca8de9ad6f3880a95107571d346d605,0.494,0.0,1.04
f58d2109d9c69e97f3632228becc3e0c,0.534,0.0,1.04
697db9fb0f8f3c4258b8d14e6ed83615,0.408,0.0,0.61
6ed91fcf1b6e7b3aa14148e0d145571f,0.77,0.0,0.72
c6b57b8c03ef474d089b60b665184bd0,0.553,0.0,0.87
2ba82ffc01f7b5d2c69d8e1106779021,0.38,0.0,0.97
2fec2c89de778205171cfea056755704,0.018,0.856,0.65
ec3c99a4aaadef54f32fe13f36d0ad7e,0.57,0.0,0.68
2c5436e0ce9f11867fe12736af883504,0.467,0.0,0.99
3f3cd5cca43a986f25c85d3124ac3ca7,0.422,0.0,0.95
9e45c4aa239396976be85cb5cf082e04,0.668,0.0,0.84
b340d50f95fb1245b1e67e9838518d6f,0.41,0.0,1.13
9607625a8b96e55fa0a454539f4171ff,0.511,0.0,0.84
b2692b8d472101bb11bd0aa05465e381,0.548,0.0,0.65
c1d80dbdcc036eb252e41fca4ac8acfe,0.381,0.0,1.03
8e52fa9b30a57b4e797c84604a91a49c,0.572,0.0,1.04
ac7e95fd6bbefcdeda0e9357b8af972f,0.484,0.0,1.12
5ccb92136d86f43bb95495d08d180916,0.39,0.0,0.67
c00b5c25ed67f71cf6732498d155577f,0.275,0.006,0.68
a28eb911aad029162befe9e541d9fb86,0.627,0.0,0.76
834581080436145f2d90bdcef951b266,0.387,0.0,0.91
2da97ae3e726643af3a4823e7081e3a7,0.597,0.0,0.96
a984dc04620ca06ad5fa3d8e0d8861f7,0.661,0.0,0.9
35d18830fe086865d1185b1d232ecf2b,0.568,0.0,0.83
acf7499afbf84eec03b867513a00d43f,0.618,0.0,0.77
a69928e2afd1345a1cbe29ca4b0c4a75,0.521,0.0,0.83
79a47bc432e24aa7bfe0cb1496530647,0.258,0.01,1.28
97052b19f1001357c6a9f93e076fdc4e,0.562,0.0,1.05
0b8935c5bc1dc02509ce07979d160543,0.458,0.0,0.86
6b95b12ee1679dfc5acfe6b4fc503cd6,0.532,0.0,0.82
d69da84be5a16afc4ea80fb4e2d8df51,0.643,0.0,0.91
7283c7eb8f205e3b946fa7a6e566e954,0.286,0.004,0.82
912724df3c9c7d2fa98273e9bc658596,0.336,0.001,0.95
2cdceeb2d92640bfcc44e30adebb8d30,0.465,0.0,0.84
39d0445415c158665ece67b5285b4479,0.673,0.0,0.59
db21d65f04a31463b8bd1b71f2291812,0.468,0.0,0.57
9e7ebc8082b0e7e92e7aedd3ba562d84,0.762,0.0,0.74
c876f829cdd7ae37bab5e605da847d35,0.569,0.0,0.81
0d0e8a45f4fd5a922338838066a247e4,0.275,0.006,1.15
4db84533099e326d0c87ba136c3d6646,0.45,0.0,0.78
96487b200f227f3f845bb8851dad2139,0.418,0.0,1.0
76be9b1358ddf8c9e48710123f588d77,0.487,0.0,0.84
456318e3b9b9a9686f434456607e40d5,0.367,0.0,1.15
63d25ec81941882a311294f2eddc4c28,0.358,0.0,1.04
43ddfd6cac611dba2a0b5870e2f8748b,0.302,0.002,1.01
5b4262b37d92e08102e75eabe4ba513d,0.418,0.0,0.93
33afc70c02874262f40d8d3398e5800d,0.697,0.0,1.03
a7d8eda8abe048d60d05410a1a0e6b2a,0.327,0.001,1.09
4c20ae4da223eb119e96a23d616f707c,0.67,0.0,0.84
d05ac0fb07c7669755662e104e61dae8,0.615,0.0,1.01
a3bc3e0f83c7f5f0db6c0d22a11d464d,0.244,0.014,0.78
6d532e15130603bca8c7e08c8c7e1411,0.589,0.0,0.81
0c3b64ffd5c32a684a4953b1e92f528e,0.382,0.0,0.61
4408a88fea20ab63bc815e32c70efb55,0.488,0.0,0.84
401db1d337e4dbbc901d96cdad269cab,0.718,0.0,0.9
855f69267caba188c45901861dd0c639,0.265,0.008,0.9
08dff723d5e0a2e80e2d5917a0f70c82,0.188,0.061,0.87
54a76824a4f38734ad2ec4979084edb1,0.43,0.0,1.17
d40676249cecbf58a2020375cc9e51ba,0.434,0.0,1.02
4605460907ca247dba0b5109743a4ced,0.592,0.0,0.79
306151b6fc2f4b7bfabb0b5aebd2f109,0.627,0.0,0.94
d7a646c5359623480d9de7221c1900e6,0.455,0.0,0.75
9725e09d77767382d4c01002508e0f54,0.496,0.0,0.81
e8270c48249db4d18444a472c0d15aba,0.547,0.0,0.98
6b621fa2c60a8c5f651f1f71d0da697b,0.562,0.0,1.04
756dc8ffdb236127acaf304fc33c068e,0.378,0.0,0.84
7b3a2a1578b4cde3d3765774d67f6598,0.276,0.005,1.13
89255508480b68b6aa58254de5f696d0,0.489,0.0,0.93
bb8d02e75246530fd985d0247a9e781b,0.711,0.0,0.9
a665799dc710d9c8e2afacb0f83a65b4,0.475,0.0,0.78
5971e3935a3ee78537cae75f46410a55,0.421,0.0,0.95
6251adfa7438afc3d7ef7806d81fcc69,0.547,0.0,0.71
f38555d870737110968955840c49c8b0,0.541,0.0,0.7
0bfa3d952ffed50f25011b128e73a820,0.489,0.0,0.84
7117e854e77e64e47e7b5493c43f9daa,0.435,0.0,1.03
d26fa5c15a3a040d216ed844a20220b5,0.596,0.0,0.71
ac110f0ce90f99a6f7be237dcde516d1,0.573,0.0,1.08
ad9e4c4d1441ea848708f6698cc346cc,0.263,0.008,1.15
c4371b2431c895c99484e9743ed14757,0.365,0.0,1.22
390c0ffc9844a937f7a54c93eed1ce31,0.41,0.0,0.84
d50a3b5dd74d7a8eb2089396d2d35658,0.222,0.027,1.17
adce07abfc7c43bce71e5a849ede6861,0.347,0.0,1.06
14a223495c0d79f1efb879dc0a49280d,0.365,0.0,0.83
78734cb5a121b6cbb6fb262f15822064,0.52,0.0,1.07
b9c697cae802bfc0f99b2253d9db35fe,0.172,0.088,1.05
470275ae9394873b7d4085eabe88dcc5,0.774,0.0,0.75
2fc75526421cbdd83448cdefc5552a6e,0.519,0.0,0.94
2e3a70d73034217ccfe649b716e14620,0.409,0.0,0.88
8edd6be7b96799dcaeb4a3266cfc8dde,0.533,0.0,1.09
5bb7959b03d71d9d6d27bfaeb405e388,0.591,0.0,0.86
09c153a0267ff12cd4db69b50796243f,0.377,0.0,1.2
b63843a3e743088210cf4500f9981235,0.576,0.0,0.86
04622af4610eee2798b9b41ad5ca4ce4,0.492,0.0,1.14
2f7bf9a82b8e2ef6efed2b588c9b562b,0.594,0.0,0.91
4b746558b2e72e51d6e0840df376166f,0.551,0.0,0.75
a5034f52dbf8c0e47d7924e4f118782a,0.423,0.0,1.03
9d1eaec369c6f2c62a85333ba666dbdc,0.592,0.0,0.66
48bce2e7aee06ff65b83872fdbb14b2b,0.405,0.0,1.01
fa20dff407fb111cfa8323a0165574f3,0.044,0.663,0.98
5627796bebbebac8c5c4f3018885a8cf,0.376,0.0,1.06
b1002474406baa763550a27e1884be33,0.397,0.0,1.04
398a847dd3bef60a2a5a3da7e7e991de,0.281,0.005,0.67
4c517d27c86e787ac6f0b8dcfdeba614,0.638,0.0,0.87
d1bd17f3abc711f8013e113cfc21e1c1,0.388,0.0,0.85
72b90a7a6bb18d2dc54322c99c05626b,0.571,0.0,0.71
7041d73726ce05fff9a1290a0ffe6b05,0.582,0.0,0.65
90842ab1892b8046b37e1dcdb2489300,0.551,0.0,0.96
47fb64a97ba607dbd89bc5f18ec35b54,0.215,0.032,0.84
ab3b4c66fe29289ad91c38b572215748,0.518,0.0,0.83
3b72a1f4fcc98c138a577fce0dcf4a26,0.675,0.0,0.96
55a1145daf8b43a2a53f85fe413d80ae,0.56,0.0,1.0
6e5d1b7e671ad1a8cdc44da536edfafd,0.393,0.0,0.72
69ff492fe2f2a7138ba237adacafc76a,0.419,0.0,0.83
38354c9602eb29541b66d9e6c5f470d2,0.327,0.001,1.18
55bc134d3530592e0c1792595ff4d66a,0.506,0.0,0.85
3251a6c3249345d1471e71e0ec4f2df3,0.62,0.0,0.6
99b701c022d35c1bb0d3aad9c51f69e6,0.67,0.0,0.95
b69ac6f2567cc1da7e07c5c7803c3036,0.497,0.0,0.84
6d6caa7a4b8d0947d688e37f80817797,0.46,0.0,1.09
3d4b3ebf8dc1e006b764e48673384a60,0.298,0.003,0.9
30481bb628609059e36f973ce94afbb4,0.341,0.001,1.11
1a8f50fe583b56bc1bc059e8568cdc4c,0.469,0.0,1.05
b3a94d24540c1b65bb0d9094c9b3e8eb,0.441,0.0,1.12
a6e19239dd23d3261043b2a175bb1403,0.534,0.0,0.83
eb7f6109aadb5f66bcf4d917ecc008e2,0.405,0.0,0.95
20b0a0cf30ae64d565c4cb0cbc04cbab,0.257,0.01,1.01
8ddb5868b583489a00f7fbc1b5835aba,0.139,0.166,1.14
033c223cf8e62cee42e6579a7985d591,0.246,0.014,0.95
b60ecae54ec3b826fef76deae5eea136,0.454,0.0,0.71
bdf98fb0eaee9b8ae561f18e8fa878a2,0.516,0.0,1.01
909697fe8c4744c2337b4e48d5083726,0.332,0.001,0.97
21d07c07986ed8bcf54782cdb6b9bdbe,0.574,0.0,0.88
4d88f513817bd15332cf8f49c16e5e81,0.183,0.069,1.05
8c4724ca3b85f7ef13b75348b00e6554,0.729,0.0,0.67
142ad55a63cb510feef08fb3b6a4c278,0.367,0.0,0.91
20193d704584f997991c7bd49032aa38,0.439,0.0,0.93
994395b021f1f2172c0fec0bc06041a4,0.49,0.0,0.94
6e91ed3560a5f36b9a5e12cde7afec05,0.49,0.0,0.88
326ae0f3695b312b3739bbac9c45d301,0.606,0.0,0.98
432d6607bbe05bf345d18b908a052655,0.43,0.0,0.84
61406e7c03757830a5bb59e553c6aaf4,0.572,0.0,0.66
c2c141d383aecab2bc5d8844ab016b86,0.268,0.007,0.84
3baa1aa1517905fe38b7cc6e02f643f1,0.568,0.0,0.77
22c92946401b3a1c46bb06b5906c0902,0.234,0.019,1.29
f85ef5c3077c30170063e6fb9f199666,0.401,0.0,1.05
db34ac78a3ac0534d594013449157a37,0.261,0.009,1.03
d65f9b3ab253016f63d57d63434512e2,0.474,0.0,0.86
8b02064b1455f8f25d1e5077daeff25d,0.512,0.0,0.89
758a13f21b50ee9c1d9a14714acf69a9,0.658,0.0,1.0
fc16dc582943e07048561a6c848c3b1b,0.279,0.005,0.87
741d2580531cb5338aaaa46b4f7b3b9b,0.705,0.0,0.95
a94c886650675cb1bb7a5c470dd7dd68,0.69,0.0,0.85
fccf0eb24c723ecf4e9d45338cf55fa6,0.293,0.003,1.14
4b6bdb9b0bb5239e8deeab0f6589b46d,0.347,0.0,1.13
e94fca8ec698548bc35b4b552ab3b154,0.419,0.0,0.78
f343befc1fd04f41529a5a7e2a36e1fc,0.621,0.0,0.83
d9da13e9a91548d365b5859f4a5f8446,0.457,0.0,1.11
02072e8d34d5e2cf57776c87c86fef2a,0.356,0.0,1.18
e02407c1154c455b5bf61bb673723af1,0.6,0.0,0.7
8bd3ffd66d577746ae1fcb419828bc9b,0.445,0.0,1.23
b6eecb2e28e8d58172713a283a9b6a88,0.514,0.0,0.92
75fe247eb34bfcb1e88e4ae71cd4fb16,0.534,0.0,0.85
a549b8c5268ec413bab2faab5d71d34b,0.465,0.0,0.9
e5902520e601fd7691f405dce02a35c4,0.579,0.0,0.74
9f17a3be3e5cc6256e4da256e94498c5,0.59,0.0,0.83
2ab8adccd947f9ec393d924eb7cb63ca,0.632,0.0,0.71
37346f9b6970c6d521e3fea90ac216b5,0.302,0.002,1.08
100c50cedbeeff03a98c60baa070e51f,0.453,0.0,0.92
dbdfbfda2a4205bd59b22758ceddd5af,0.593,0.0,0.61
9f017b9fa3665443a0e5b1eb407d8374,0.537,0.0,0.72
f6dbe08d25bfdd6b40f213851f5112ae,0.208,0.038,1.28
61f3baafa82af5a886dd446a3c36155b,0.642,0.0,0.99
c81f28cd056e95a758dd34a8f070c297,0.334,0.001,1.07
013de369b4865f8533c80c1adac3aaa0,0.491,0.0,0.65
86559dbc9b796c800052a7f0e61314b2,0.642,0.0,0.84
7d0218d057a1cbb9433241f1ea6e8da4,0.378,0.0,0.79
f026d7e79e08c5915fd7b15c018857d6,0.434,0.0,1.09
e5a3304151d33e4ef2d03b0dd78664a4,0.545,0.0,0.82
9cc9d440a0c2c277e8008db83e64c522,0.414,0.0,1.01
9bb30c26f762fcf75c8298e0636bed96,0.076,0.452,0.67
178bfd8b3c9209d2a375250be45f68a1,0.548,0.0,0.77
0da524f7aa920ca8515c206e654c9501,0.403,0.0,1.13
0511ddafa659f7a3142a332303d9a162,0.398,0.0,0.67
0264cf0bac66391d2e496f89618ee605,0.178,0.077,0.93
1af9a231b128714c8448f148011722fa,0.453,0.0,1.0
9da6a6682e25daf151117fc475120cb6,0.137,0.174,1.15
5b0a49625e6c864ee1a5e5e8aa80e7ac,0.683,0.0,0.82
75211ae986dfc5aa25847eaeb3bd4b4b,0.403,0.0,0.77
435e6dadb24659e8cf9a5e7937f4c71a,0.552,0.0,0.73
5a4c4a97233246753756253777054e8a,0.718,0.0,0.66
fb3dea63b83b5c868eb38c541c0046c5,0.339,0.001,0.77
1f16bacefaaf9df18d09ad51acf6181a,0.284,0.004,1.05
12f4afc5f00da20e75bc0244621a1808,0.495,0.0,1.13
194ac722756691f6928b78bcb19cef0a,0.37,0.0,0.97
9963eb029cd100ade5c37f057b7b13e9,0.358,0.0,0.7
8f6d3816aa37ae94916462f2e92811be,0.06,0.556,1.19
5f86969fe97dd82aba8a683fe7ce6460,0.547,0.0,0.78
5c8b838136fa3da3693ea8fae7ff4b46,0.659,0.0,0.59
19c0eca308739a3c969664d5db6e2684,0.78,0.0,0.77
933ebda7f36ed9259e3f8671841ee13a,0.625,0.0,0.81
bb0ffa4e1d0a1bdc553a84e18e6e3b69,0.287,0.004,0.95
1c427521751f2ea53e3f3492208898cf,0.295,0.003,1.09
e14f66f08e8d1628548a700e865b88a7,0.618,0.0,0.73
532d1385e22a47511a6732a4797e1183,0.522,0.0,0.81
cc4f6332b012496c68d4c8ba3850feaa,0.19,0.058,0.69
e2432c76eaa2704b499b2fd24c794a38,0.51,0.0,0.62
d2f9e50e7dda184b70baf297dca134f9,0.322,0.001,1.03
d60e940dae42932a56d140b598d49ca3,0.722,0.0,0.8
b2b9314b3fa59503eb93af47410e779c,0.53,0.0,0.98
6b7a0487c7e9706a5445598ebf264920,0.353,0.0,0.77
42261937f47ccd50b945f64f789879fd,0.302,0.002,0.91
fdf094b59ab9cacdc89f3b5ee8f64bda,0.104,0.304,0.99
916226af95ba28b70b3709b1de881fcb,0.251,0.012,0.96
e629f71b0febbffb257889e94fd7dfd5,0.567,0.0,0.93
e6a819a6a10858ccda0db41e45d14bea,0.387,0.0,0.68
417d73c70d97dfc6fb9fcb5cd0b0a470,0.347,0.0,0.95
83761786b10fef9cb3c89f9019ce9000,0.205,0.041,1.14
cd01bd17ad349108414a0a3a6100e6ec,0.389,0.0,0.92
4ffe4f5ae8dbe1f24c348698e8e38dca,0.512,0.0,1.04
15ed73748b7454fe63cd4f569b277139,0.579,0.0,0.6
211d9a2bf66c3a34e1008c6c92067bd5,0.656,0.0,0.82
c8593f86048daf77930ac1ff1525fd8e,0.67,0.0,0.89
0127b64eaf45daeb5a01eacf73ff0a6a,0.163,0.105,0.93
e72db17b733836675960851cda630ff1,0.457,0.0,1.19
f05727ee7845398420e7de7139a83a5e,0.461,0.0,0.89
0191bfcfc4186f1d9252d60a97f54c6a,0.65,0.0,0.91
6737240baadcd342b037752f1e07e344,0.222,0.026,0.9
4ee1254d0fb18436d3bcad00720722e8,0.522,0.0,0.92
d46ce696436ac8f1ea6668750c6bdf2f,0.6,0.0,0.75
5089ba7811044d321aec1a65b539d30d,0.163,0.105,1.17
a454053c75fc14764eeca4814466bf34,0.516,0.0,0.85
59b06445643180b63d1632139fe91c36,0.657,0.0,0.83
21c170e77747ce992e7fce708d54b426,0.344,0.0,0.88
daee1a1ca5d851ae0f83acb67a625848,0.547,0.0,0.81
a2bdc891cca34f3c1488abaa7ec3be69,0.502,0.0,0.93
a8bf4cea131529e96680a49b7d730131,0.254,0.011,0.76
eb4fad56f8ea5a5bdf5b80ccbb594c99,0.153,0.129,0.82
9dd5cb916449c68b91c67cf133a4770c,0.478,0.0,1.04
83bc1765ab0ebbbf55d8455328ba0632,0.348,0.0,0.84
462320353ad98ded5ea83471f86f75b4,0.721,0.0,0.72
0d8fa8c5a3ab6f989eeb86857642fb4e,0.538,0.0,0.79
27e6caa1edf335b39b73011307da72a0,0.098,0.332,1.07
ca985cfcec567110b326c595663b7ea1,0.318,0.001,0.89
894d530c3d9e1a41ae71eaffb5834bd1,0.643,0.0,1.1
c7a9f33cb7ea91f73f78ad79af19e272,0.705,0.0,0.81
02ce6ed4469d8bfdf652a7fc3cc371a5,0.693,0.0,0.76
cab64e7177c951ff09d8b707fcaee0ad,0.352,0.0,1.06
f38e55b7982cd10405c7c577021b0311,0.171,0.088,0.96
714fe90e2406a112d71e439e0ab5d2ed,0.631,0.0,0.84
07e15e1a990139ddc5f5c66bee9d49f2,0.384,0.0,0.8
37614db4c8c236c87fdb3de80122a680,0.158,0.117,1.23
949327d0360fcfb5da7f9e3caa7488e0,0.548,0.0,0.82
90de78be62d15839b111d8bd20d5019d,0.369,0.0,0.95
95ef3de118e218bca7f2229a23ff59af,0.476,0.0,0.9
dae3acaecfdf0a87fc17a7b6684a0932,0.452,0.0,0.92
c233199331993372265d4398c27655f4,0.495,0.0,0.83
87c27c042e2a8eb2c1ac6368aa7643a4,0.214,0.033,1.07
f2be14886af81932f9956f8f9d662dcb,0.535,0.0,0.72
44a8d8002329bc2d90ab179172fef5f4,0.594,0.0,1.1
055638f0a33b2df4031fadb86076861f,0.5,0.0,0.96
39ee14bbc6a17b5ca25f641e95e52877,0.445,0.0,0.9
5c2e066d518035a3133dc1467ab7df56,0.4,0.0,0.76
ac8b35f1a4059fb84a415cba72a66b89,0.206,0.039,0.84
f625aecd51df9e7c0ce14a565b1a525b,0.17,0.091,1.45
2a64c118b3e69a677f2193400c84e126,0.134,0.185,1.08
7c624d512b3860bfe66d45235fd4f4ff,0.506,0.0,0.91
363a29d90c458d687a89810a2cddf313,0.624,0.0,0.97
9b0690c834d082e2c3354eba8488a694,0.559,0.0,1.01
109421997f2c72fce37c2f1b03b8b360,0.363,0.0,1.1
c944c9528c1c6ff01d0b5812f6008ad4,0.467,0.0,0.96
43edda71a284ad0d07d9fed14b3ac511,0.405,0.0,0.96
035f4fc5178e67be76aaab9002b6cce6,0.567,0.0,0.76
e84d18e4ce196a210f0bf6101eadf583,0.306,0.002,1.09
c38d2923dd3c435e34bdd0ba91f3a10c,0.592,0.0,0.94
9f50174e61ae077e0b65799eca0d908c,0.313,0.002,0.97
a2394824ce4da042c0883b7adff2ea4d,0.434,0.0,1.26
011679a3ae49998801ada93d822b7302,0.383,0.0,0.88
204d9c9c1145b65def9cabba29407e1f,0.727,0.0,0.77
7bb6295594e2e3e905790bb38a826a93,0.513,0.0,0.98
2bbc37bf98a16437180fe1ceb059dd93,0.592,0.0,0.59
6bea4336d550425a045379e3aa5605eb,0.718,0.0,0.58
29d1eaf7b387bb4cb24ed328f654b8c9,0.695,0.0,0.67
6a183b7f850f82f32595e7c40c2360d0,0.518,0.0,0.88
ccc5140234fd56df6a2fe43bdde9e6ad,0.411,0.0,1.06
b285c030613581c716942dc97ecb6c0e,0.26,0.009,1.0
0814754f4657e98573e127e8dfec7c5b,0.137,0.175,1.48
5c048da9d68156cff2975530099a2906,0.714,0.0,0.93
c04d941f2b4342b111bfd88c6c1ab77b,0.546,0.0,0.97
629326ddd9f0cf6126c129c1c495f86e,0.563,0.0,0.84
279969203046311b2174773c91b8575b,0.499,0.0,0.72
a6a94f4772202f7aa388e4ddd46ec9b1,0.507,0.0,1.03
0737e4e4980f56c9fb1cb5743001c917,0.559,0.0,0.75
b5e2c9cb36579dc3047ab70a2d3ca0fc,0.617,0.0,0.88
eea0e0c4a6b83083dd7f7dfbbc9cf561,0.666,0.0,0.68
8a4297e091e1741f61b94a9c8cd3f356,0.573,0.0,0.85
4849a54c84fdc0067d9981e6ee8978cc,0.414,0.0,0.81
228af27126d53201272fcc44bd342a96,0.588,0.0,1.0
bbbdf938e66d45739cb9164a858ec7ab,0.577,0.0,0.81
6934c1fa659b0cb8da5cb5396f7f28d1,0.504,0.0,0.9
aad0f42c30cbe7a964e9c71b8235e0e1,0.422,0.0,0.78
4e760a20930dd6e3af29d9026da4e225,0.582,0.0,0.96
c17a56deef2f505582a71c5edb5de385,0.59,0.0,0.99
ea28a927cb6663480ea33ca917c3c8ba,0.561,0.0,0.79
a654a0bec356dd64661790ebd810b160,0.193,0.054,0.67
e6ed9de01fb655f94a17529d7d67cfeb,0.444,0.0,1.01
e22eeee591d032675b1bf80b1664ec83,0.556,0.0,1.02
84669f1ef19cdba1d1abf8470896fbc0,0.52,0.0,1.02
0329a6cb289e7dd6c0845c04e210f789,0.597,0.0,0.82
bd2ca2412ef8accfbaca60dfd7bcf221,0.512,0.0,0.73
52cd7dd6a31ca225410f3cffb6bf2ee1,0.379,0.0,0.86
d2d34a7147b6c056d2c119a0862f0998,0.503,0.0,0.85
e7ec7849fc00d921296b3ad14df530de,0.506,0.0,0.82
3f87500a3f5082ac952ee3c52d53e62a,0.646,0.0,0.86
3b4fad31868192b8aee2dffb125f2ead,0.51,0.0,0.91
8203a6773a849317241320a1f58ff9c7,0.429,0.0,1.33
e8ed8551bdca6f054de6360c8aa55155,0.528,0.0,0.8
257ef2b36557faed75b422139ef1fd96,0.294,0.003,0.93
1886e4354c8aab9f806abf23de15ea09,0.428,0.0,0.85
a8502031767bee57a1f8677e3ed3d88c,0.4,0.0,0.77
cd5cb13bcb5e88ca26141e38df9ac2ff,0.487,0.0,1.02
2af06a0d2c453ef4340280ae57348351,0.465,0.0,0.79
c0ef89ebfa15dbbfc7a05996bc83da34,0.526,0.0,0.77
2395b34517fe5200b0476a3370377244,0.348,0.0,0.86
866926e8698078ee966c79518e83cc50,0.393,0.0,1.0
116042b00a09cc7f9d29082a777ec89f,0.608,0.0,0.79
b05cc1304a93b4ac4714169340321abc,0.438,0.0,0.91
06c080dac9cb7ea25fbfac01ea9062cc,0.385,0.0,1.04
7ffd332014e85b80ac56d745294872d5,0.179,0.075,1.28
f66e5e41d460d80fb500dbd74852ca74,0.73,0.0,0.77
7ebc039190a8c8f17dd235320cdb56fc,0.211,0.035,1.32
3bbf8fb344b4f013b2ef9d924cd28771,0.496,0.0,0.92
d15ccdf1522c40983734309a912c95ea,0.583,0.0,0.8
afbd45bcaa49ee9fa6338ae64905fbe6,0.495,0.0,1.09
83e8e5a188246f1e7c8451bd907ccb4d,0.146,0.148,0.95
b514f1c45f77d38c3e5ca3a753701ddd,0.608,0.0,0.69
2909d558fb588021b53d10f4ae44664d,0.654,0.0,0.85
2869cf17ab6b18f5f077b1cac38d8d46,0.437,0.0,0.78
17021c62cc9afb4a9bb2a0fa930e84ae,0.565,0.0,1.01
cfcf2416c558887da9dfb1dad3df1594,0.428,0.0,0.96
6ead0b828757b484f096bf6974eabb2a,0.384,0.0,0.8
ea5ad3c1fdd4734a0f574e1c0bf8b0b2,0.413,0.0,0.91
c9586d55ce84d4173a2959eee3d3bd92,0.509,0.0,0.87
563a7bcd2dc50d05d0e32f310a8ff2bc,0.276,0.005,1.2
e7759fc613f5230e3efa7abf11a3ea1c,0.697,0.0,0.74
7bac8130f9ad1fb3ab34d36f170a6b6e,0.436,0.0,0.9
f9a44de4208707cdff3970cebda6e1c7,0.546,0.0,0.89
5e6d887e4f9e782a6001e99af1640308,0.61,0.0,0.78
47b105fa83c10196a981359ab8b5be96,0.348,0.0,0.64
c3f46996548d5776337472fb9b57a37b,0.665,0.0,0.75
40c0e845e60ff1c420c3e9d5456bf330,0.704,0.0,0.79
3f102e4559588c2af702568d5405cc78,0.61,0.0,0.84
ee80aa6626e9830f4838c5cda694c51c,0.61,0.0,0.88
3ef815c0f6252f588794df93d0ba69cb,0.247,0.013,0.93
5175a022eefb803aec89850835581882,0.17,0.092,1.14
4ab72b9e13e8ac3502ac5645b7ded9fd,0.37,0.0,0.9
411d1dd104fca10c8228eef7794b63e4,0.614,0.0,0.57
794fe17b30ead806f7687dbdf2da3fa4,0.081,0.423,1.26
ed63948fcdc570932f74facacca435ef,0.25,0.012,1.16
5e0a2789eee13374606eb25213853135,0.495,0.0,0.96
8d7ac7547dafbb1b3bfb412b4225c695,0.411,0.0,1.06
f0771b03c1005dc2cdeca2a6d6f884db,0.499,0.0,0.77
c1448d7f55a7811c5a986fbde4d33fc8,0.634,0.0,0.79
95b83501dd88d57d4f3780509f19c3f9,0.384,0.0,0.57
2685c446da6ac6e3632d4bfd4f57f717,0.142,0.158,1.01
04c20f02366924fd1ba411b46210e8b4,0.47,0.0,0.72
328816ef0f8a472b6435f1229aac81d5,0.163,0.106,1.11
63e39f4be5e2692f47486d832d04bfa8,0.505,0.0,1.02
cc29a26a5897689adac325280c5eedbb,0.527,0.0,1.02
914c0fc8a3e61ab17165c6af138dbf1e,0.392,0.0,0.66
45aead7540d322d9357c98f146c9b8e6,0.565,0.0,1.16
174d86d681484c0c140bd089a2162bcb,0.304,0.002,1.22
6b3a3565cc9c5860beaf40bfd35bcf17,0.413,0.0,0.71
940095219ce68c25bd3162350b1fe12f,0.487,0.0,0.92
f236fac5978c7209334b9c81e972008d,0.525,0.0,0.93
5fcf6c64ae4c38bdd9c4086db1d51514,0.651,0.0,0.91
aec45ccf8872ae3d31ae634374135906,0.1,0.321,0.94
89730dc890e825431bf216ab2f77922c,0.224,0.025,1.21
0095d4d2127c3fc39097054b005294df,0.525,0.0,0.63
399b5db0e48519c9ed05e45c45937d26,0.406,0.0,0.89
1de5eb5ba924a40493ac8b087dac85b5,0.488,0.0,1.01
ad81738f7a6a1587c1cb05adb6d8170b,0.542,0.0,0.8
327b79b3c451be53e72c7ce36f7679c3,0.31,0.002,1.24
8b92241418528644297c049a990a600c,0.437,0.0,1.08
74531fb81206b7a6e41304d69f5d017d,0.514,0.0,0.83
9fc632bbb98e4820ed0456e303358b25,0.593,0.0,0.79
95de00fa03fcbf66a73de3ab785216df,0.44,0.0,0.88
4bbf02597af866fed13946cc74d2a5a8,0.457,0.0,1.05
9bdeebbf9358ab614fac30b5541d33b7,0.412,0.0,1.27
60b931ba4b49ea33e028ff8e8deaef0d,0.511,0.0,0.97
7a53ea8f52697987bcc8275f37f876a5,0.45,0.0,0.87
0d36791b9a75fa6095c4d5da2d554e5d,0.256,0.01,1.1
99a76bfe4ecc8dd31e9cec5b42b32c1e,0.334,0.001,0.93
d5ceb7341210a48f21838eb02af5f181,0.433,0.0,0.94
5e2fd6fcbba0d79032ad304f2b32956f,0.45,0.0,1.08
23fb43cc3a0bd9da26d16bb2f834dc0a,0.534,0.0,1.17
f533938ec56ceb87451904cb67ce5009,0.6,0.0,0.63
c4a18ce818d7d8d2890671cf98b765a7,0.192,0.056,1.11
a17875a3942536f42d1e20a8ba4ab7b6,0.451,0.0,1.0
22429b8a0aeefa1072b4a59f19ebc616,0.693,0.0,0.88
f45bbfc608f10abe264e66ade5787805,0.33,0.001,1.18
4b1b8ed42dbc2037e95da594bc2eea66,0.316,0.001,0.78
1691469e8ec924fc28ae9b654effe24d,0.631,0.0,0.88
7bd44c35725493010ec10acd7423ddb2,0.494,0.0,0.95
d5b2d251860c2720307c849c427c3781,0.427,0.0,1.3
cd1ea2c858482b415b871a851efb588a,0.209,0.037,0.87
d32c807387b093f8e9932a10d4b9549c,0.649,0.0,0.89
55087dcc7d1d0b10c7592403dc8cc69b,0.614,0.0,0.87
cdc17d093f8bac742d8033de4b6b5191,0.207,0.039,0.92
647b85bcc1c3443b70365424ea0ff812,0.258,0.01,1.27
bf13c024b17243d58be4c7551e5b10f5,0.693,0.0,0.45
4583e71ddd8a08f82fa17dc28a7d8a70,0.394,0.0,0.87
e68df042e51e500e551dd60704b7e47d,0.431,0.0,0.88
1aeabb84faeb9660a6a268a1e78a7597,0.549,0.0,0.7
da52e7d54efd340f18f7c21d5efe6cdf,0.448,0.0,0.99
b7627d957d9cd0c58ae5ae066885893d,0.444,0.0,0.89
cb33e0d447cdca854597a2e3a8a15162,0.389,0.0,0.77
ac9bfdd72946b8c3c53c314350139044,0.398,0.0,1.17
1070606b07d6513ce4a29179dc49daaf,0.178,0.077,0.81
7beae39f0fced4649c7369d32269e93d,0.554,0.0,0.82
730cc9cf296b90439feacf8131c5cef6,0.186,0.063,1.02
6df8dc232b18d2502a8f68a1da7091cb,0.519,0.0,0.85
73a4d2a6a9824cfdc905fa7b08aacd77,0.493,0.0,0.77
e3550c551f85e44fe1fa072a078881bb,0.486,0.0,0.8
0d184bee112fcbe03110b3b81bfe0614,0.446,0.0,0.68
b4e67800c7de5c01b11fbcfd773f5550,0.377,0.0,0.97
4fc273fb2542cc83c71e93ea36b1958b,0.565,0.0,0.88
c15c7cc981a1e13a09bec5539400f741,0.495,0.0,0.7
4791cc86897adb6d01d944117727caa7,0.54,0.0,0.71
3bdee07f4b68c24b202b5d3917b57f17,0.57,0.0,1.01
68f2c91e7b89a4893202a2a6e9f2dcb1,0.488,0.0,0.75
cbdf4e8781cafb3bc7043c8865f54de3,0.709,0.0,0.68
2fd5431bb6ee15d4011c9e65e2e7cae4,0.491,0.0,0.79
98444b91c7c53efb93dc5c477e430c73,0.422,0.0,1.14
ad1add491c6a9dfde652e7ca212ec2d1,0.5,0.0,1.0
2256deb6e8f1f84aabbb68891b6e4907,0.409,0.0,0.82
b9d59d614fddbbc12c453f6b9b800cf1,0.502,0.0,0.56
d261dd1b4b8d302893e31644c0a27bb5,0.349,0.0,0.8
13f9a506c61bd5774c3f4a7481631355,0.354,0.0,0.95
4d64070c8365210adcb187e76984bf69,0.665,0.0,0.9
68400f9c74967c9fc6292b8483a8c4fd,0.378,0.0,0.99
9e2f9b1d6cdb592754bb04e9341537eb,0.488,0.0,0.72
e97f9c9952ee217c50f58e558604b63c,0.296,0.003,1.26
81ec62edbae0caa7252e5ab74c303dbe,0.464,0.0,0.89
c6a03eb4448d91497ccc5f1e6611579a,0.568,0.0,0.83
75e3c2ee2d0f5f978ce7c71a7c0e5dfa,0.225,0.025,1.0
f1a9f7a986bad1eafd8b0715d6224a18,0.507,0.0,0.77
b9805ceda3458ed8bfb25a4e8ab28ee0,0.727,0.0,0.8
b860101940faa3237e28dcc473f26f93,0.282,0.004,1.05
fc696c182725f62d059a9906609d8f54,0.145,0.15,0.9
52ab0db7e196a56de545c5701f748f11,0.373,0.0,0.86
1677a3963cbbe45ec9998c59565f5ec4,0.541,0.0,0.76
32704c954bbc23428cb5e1ba433efd78,0.589,0.0,1.09
f54462db6085e103f6c37308bcff4a51,0.6,0.0,0.89
0ba8667cc23f3c740a345292db3b53e2,0.385,0.0,0.96
b787311ab0c025e961aa733d466cb08d,0.565,0.0,0.73
6d91241c2f8ba56c1904eb46b321cf72,0.276,0.005,0.81
ce92afccabec70417b8bffbdfc010c19,0.608,0.0,0.91
ad370658a8a2f3b2055bf9c69af14435,0.247,0.013,1.29
1b76c9524036cc54839fd11eb97af5e9,0.615,0.0,0.65
a0b2eaca25a1ad8916f7ce5f7caeafd1,0.374,0.0,0.76
bb4ae06ecb33611f445e94ea797455bd,0.365,0.0,1.35
41ec5250b743cc6bb8dec2f87fb1d7b6,0.541,0.0,1.06
b67875fbdbabb1187715721697517139,0.692,0.0,0.8
9d686e915ddf9ab5e50e51ef53d05b41,0.332,0.001,0.85
7297330d4fc47d7b4d28b5f8e0b3dd84,0.575,0.0,0.78
5c4550271a0df267df00027d35cc2642,0.482,0.0,0.76
344e0eadcd1a46c217e261d33baa5493,0.547,0.0,0.98
4ca609667ad5c9411263fca7e19df4ef,0.367,0.0,0.82
1c0df1faef23ff3d6f2e1f4305ed76cd,0.412,0.0,0.72
7494f5f0e9449868ffc8142d9c587a3d,0.418,0.0,1.04
77a1db482f24eac58fbea09f4562f0e4,0.491,0.0,0.7
8f7fe1e1e17eed22ced99e0cc5f1ee60,0.397,0.0,1.11
3b365c32e39fa00b90374d0c549b0096,0.566,0.0,1.1
debbf777ba43adbae0260e155bd60009,0.303,0.002,0.76
773a146e0888b4d8b3acbf75e39c16f3,0.72,0.0,0.97
4430d475fae6bbfda515836c0be79a6f,0.323,0.001,0.86
388ab88c7c84d029395cd8a62a525eb3,0.437,0.0,0.96
897d671f8004539972321c4c7388b178,0.532,0.0,0.75
36032e4684bf9badac6d98eb46e6776f,0.5,0.0,0.92
3c2045ca702c5c3a86f23f7b3209a7aa,0.623,0.0,0.81
22eaaf89cf3f6806e2167b63778fa146,0.129,0.201,0.76
13b0dce488d9f9c956d8a4cc466ff240,0.268,0.007,0.87
ba37627d8f916f8c24c46b53768edad0,0.257,0.01,0.82
a08f1ccfc86066a63f236aa0a01d5c18,0.257,0.01,1.05
f0b15cb1f3fb0958dfab4d8c251043c4,0.463,0.0,0.86
140ad746610121c781640ba1437c44e5,0.652,0.0,0.59
96abbf0a4c65d595f99774d8dcaab3c4,0.401,0.0,0.83
430dde798f2e2c646d444f9ac84f1f2d,0.284,0.004,1.14
74dcdba677c14c97e923be6f5d436931,0.449,0.0,1.16
83e08c8680ca083dfc1bc7b5180d065a,0.539,0.0,0.62
cc9244f507f241b7b6ad84f893c7b06d,0.477,0.0,0.81
91edfcb42cdbd69e1a493016def6b7ce,0.418,0.0,1.14
ec057d28e6f90c154354bb4d85052121,0.346,0.0,1.03
664bbdefe43a023d1e1f37a5b09dec8a,0.371,0.0,0.99
23b62e8828fbe755ac15d8eb0ca4f359,0.298,0.003,1.23
2a8576690f318077d1b95738891305fd,0.682,0.0,0.52
37deb7de8131d7947fe8006f8a2a307d,0.15,0.136,0.86
491d687d1648c5461f4b7d5592d30a50,0.592,0.0,1.01
65082134f39f841f760d20bcef618e38,0.383,0.0,0.9
8e7dbfe26e53af68d8d3b4c2727661cf,0.376,0.0,0.82
ba18088f74336954577d48ba06a4c563,0.586,0.0,0.76
18fad1a2ad29ca29307c4264f9aaa31f,0.481,0.0,1.06
9ea225cedcac5a842a24c49e75bef002,0.489,0.0,0.87
034da0efdf19355964d1b65413b10424,0.29,0.003,0.68
4d5c4fd8a061482732fc1d2526839e25,0.353,0.0,0.74
53f82d78404bf506ce3038ab234d3b81,0.447,0.0,1.06
2a5e0c1c5f346c74e35d9f896aea3a1e,0.511,0.0,0.96
129d4b722b5a8ea2e689222565f428df,0.552,0.0,0.9
83c88442b1d86f37ae5e9a8303265a16,0.493,0.0,1.07
9c8ec8ee3d07859790ead005472ae87f,0.452,0.0,0.99
0c5a4657eae5cd03b25eb46ed1f387b5,0.422,0.0,1.04
63018397645e836ea10508fe8dd3858f,0.397,0.0,1.11
d701f4926912106d95a34c1ce5221a12,0.515,0.0,1.25
c78871f0e13157a2e0b4950b69da237a,0.315,0.001,0.71
fbf2600b13fa832611e5308c3fd6a0f9,0.341,0.001,0.65
ed9c0d7a45f05b3d686f76eff3d43145,0.447,0.0,0.76
cebf6c2a3a2369e6fe7f1436c6d6133e,0.605,0.0,1.02
b5ce3e6adf6c75bdbcdb9e22c6c7466c,0.559,0.0,0.88
e76d820f1766d333d2d8fb163a5f0664,0.342,0.001,1.18
762fca8c6e14017d8fd17fe96d510e3a,0.454,0.0,0.9
92874f1039a8755f0e0df0816cae5651,0.467,0.0,0.75
599c74a9589f6d38cde4772fe6b01f54,0.305,0.002,0.93
65463f5a47051d4ce0acaf47d52a0208,-0.055,0.588,1.09
61e7f6145fd03d709cabbde3faf33412,0.467,0.0,0.96
f7d2f14bf9fd342e03376bb9674f6e15,0.683,0.0,0.92
27b9357fef61d51f5391f8142e969704,0.238,0.017,0.77
4ba64f6aa39a8f4c5f4a252a258faea1,0.398,0.0,0.98
b796d5762cdda52c5813377c283c02d7,0.596,0.0,0.75
9b743a3f8462754b8052c12d4cbde26b,0.602,0.0,0.69
295f2e074fad0ee28c3eff084fae7770,0.391,0.0,0.75
f9db4708a1fbc9f73cccb87f61e16e91,0.572,0.0,0.85
378d18e5c05d94b6a1d604ebd6d29c64,0.246,0.014,1.07
9020aa0bc0bac923e1a15fb7568c918c,0.604,0.0,0.84
dfd43ceac8db16308d7a43825015587b,0.341,0.001,0.73
80368c99a73ce08030812d50370e9be6,0.705,0.0,0.91
487b95f0462d24458b5887f371bb07c1,0.469,0.0,0.96
9d382eb7d6baf0259b791d239bb82667,0.439,0.0,0.86
310ed80c4c96f015e7528f1287203a6c,0.408,0.0,0.96
518fc21646c71acf407d4d45134012fe,0.037,0.711,1.09
0c7ea685cf26dccc67cc11848a784daa,0.62,0.0,0.8
e95f4c70e327b62b16fa64ba0d1e7fa8,0.496,0.0,0.73
b2705058961761c022470ce715248970,0.112,0.267,0.85
0fd81fe72d683ab7b73d03c2cb82ec86,0.308,0.002,0.85
586f60f99c56edd5d8da68d1716e75a5,0.589,0.0,0.91
cce581577ed09731bf719d88170ae22a,0.55,0.0,0.88
4c08fca7f344c55af042e38e144d0540,0.554,0.0,1.03
d0689bf72cb6a8d3405f4a5fcd69c540,0.46,0.0,0.87
4f2118e2b0c12f05a8255d3dd20a273f,0.497,0.0,0.95
59e8c9966dd1dd24bae0d2bdc363b981,0.484,0.0,0.71
9a4932caa0e262c3c97963903b12b0dc,0.429,0.0,1.16
7d916a617b6a68c664b39e7ffe46acb9,0.532,0.0,0.79
98b648f2c078a0762f0b29e7f79d28ba,0.397,0.0,1.13
e7cd288868494cd0ac1174073938631c,0.384,0.0,1.17
08963dd4e17508647321c80963183dc2,0.358,0.0,0.91
22e379621e335c78f7695810aded0a35,0.083,0.413,1.13
6ab4a7ccbcccc1a3ea96d1de34017434,0.234,0.019,0.87
9dde86a6dd0084399446abe345c6be62,0.469,0.0,0.73
4da9dc17b07bef7a49fbec00b58d74f2,0.388,0.0,0.93
0e92c7301e563abbabc93a65d71aa020,0.529,0.0,0.99
b4afda685661ec553c24f31d7d556b78,0.125,0.216,1.06
b88b61e162358db5f141f8bb50dd97d1,0.601,0.0,0.83
3fbc722bf673122fc07611a1b2e80710,0.439,0.0,0.99
dcc5c671e28294abf67c5be7aeb95374,0.275,0.006,0.94
24bf0e9aced8dd7e3f780fda7036f5fd,0.476,0.0,0.84
797649b4edc1d43597cda12639729405,0.658,0.0,0.95
1b92f9f45ecf187571242e6183aed8b1,0.475,0.0,0.83
43ca7e07b5f98148cc4f57e693db553d,0.673,0.0,0.6
4ae055e4d6a700d02be7c125475a7342,0.479,0.0,0.78
c979ca0248d03d1a0387be8f2cb2a5ed,0.521,0.0,0.77
10b4ab26a8b04e1c24600208c165a6ab,0.681,0.0,0.77
51b49ce10b0cc9c418525f8b33e2a0f3,0.313,0.002,0.93
f6c317a17899313c5bca06c0dc1889ea,0.391,0.0,1.09
3704c88e57047c51a3264dd689ce66f5,0.603,0.0,0.96
9db10278f46202650abfeaf7be6e0a33,0.325,0.001,0.76
6643725e98652b2db595c50c89d77ac4,0.708,0.0,0.66
b1c30e62e67dd943ecb1c9de635135f7,0.172,0.087,0.88
5b2a8519efd56752b26f36502e7268c9,0.644,0.0,0.62
e4d907c0166284330f0f00c737c30407,0.551,0.0,0.8
ac1e3694294c212a6452b51b17f723c2,0.27,0.007,1.02
04d647db44a39f63740999f93779005a,0.406,0.0,1.11
3353964427b21a255c8ba60a7fcc2b29,0.485,0.0,0.84
cba5ef99ecad479c5f393e771bc7dcfb,0.331,0.001,1.31
d8f3584a90012dca70479b6bf1bf08ef,0.399,0.0,0.83
e1688acf28f491dfb36d78359ef79502,0.135,0.182,1.11
114195989a9e363463868866197a9498,0.304,0.002,1.22
bb224256e5e2e7a535e5ace366ba80de,0.758,0.0,0.72
4c6b6dff661748bd166278306dc89d8a,0.582,0.0,0.96
faeddf10f546543cd4a7050aaf7b03dd,0.601,0.0,0.71
0867f93c44d2f1c772b59f3848ea6b0e,0.336,0.001,1.0
efdc18dd1f4f2a6924cbd0eb22393caa,0.551,0.0,0.84
73900c29d0c6bb241b6942aecc3ae686,0.297,0.003,1.0
dd69180ff373c9fd9b2193365f35ca2c,0.236,0.018,1.1
868c16789bfefa0fccf156bc0d72e416,0.55,0.0,0.87
c44c6cbe335ff1353e4324c895c2d196,0.667,0.0,0.9
502b0c56815fb1631f23cc4f85f4f631,0.522,0.0,0.83
29b25a8a68d634c968caba0376fe295a,0.258,0.01,0.71
6a967c2cc07ad68a4fda59b52e910abd,0.683,0.0,0.81
aedf7015b791292bbfb4a785195dd9e9,0.601,0.0,0.77
58615fc7100bcf39f560ffb93541c6c7,0.344,0.0,0.93
5a89c3369e6f73765118842d3dfdb4b4,0.375,0.0,0.87
eb6a5ad7bc537413b2168d5f14858a72,0.5,0.0,0.98
ce110562b3e2f7e5cad3775b32d9caa5,0.576,0.0,1.06
0b442800cb795fb08985b0c1292f54e0,0.495,0.0,1.11
d4af51964c7ed49c9b216173aad7a166,0.112,0.268,1.1
60e961c7dd441348d61e465fc22e71b8,0.081,0.422,0.9
79dde40a7374f6fb8ee2d2cf79a8fbc0,0.723,0.0,0.78
c4af0b56a9aef6a5cb63ec351d965714,0.471,0.0,0.88
e18b890dacccd7144aa00bd3f51ccf34,0.721,0.0,0.73
0f4c83363e9994265c3e3b32b1aaab1c,0.148,0.141,1.04
47e97d5fd17b9161acf994ec5a044125,0.336,0.001,1.01
b15cf300b5693210682e36cfe5f9789b,0.583,0.0,0.86
6fc70acb4f01dd477ca77c105176ea47,0.543,0.0,1.08
87ed88d2191495c79f0e37b58a1007bf,0.702,0.0,0.79
2dca898dfbdae6716a587adbfd99c542,0.715,0.0,0.79
793587c8198ea55d673423598627c844,0.272,0.006,1.15
3e78cc1a596b7c327c6cc3121eb03f5c,0.523,0.0,0.64
bbd4b718f98be27395993640a974eb4b,0.177,0.078,0.92
573571bab77641ac0fe0164266dc6fc4,0.471,0.0,0.84
830a65002dfcf159f0f879801b05c035,0.435,0.0,0.66
f10d97ae15aca40e709e69701d822a5f,0.506,0.0,0.88
f50ec0d647d9df6a5b296524d2eb4a4a,0.583,0.0,0.92
a465b3beedea371d6443d5419ee45455,0.618,0.0,0.87
b3e7708afa4660d6d801e29131c777e8,0.557,0.0,0.79
053e24055e88ea406cd1ab8d1243bd80,0.524,0.0,0.62
3b56f33ba65c4e87cbc1cb5089d8116c,0.505,0.0,0.79
ef66b6499cb90541ad49a865eddc6299,0.67,0.0,0.69
e834dcb39cb42d3e6cd175f7404240d7,0.432,0.0,0.79
a82d5721037a73d27525b5fcec752cde,0.636,0.0,1.0
c8acc0c78fed192fd24953d678a9ee37,0.583,0.0,0.81
1b7c447f444d78071c7e3556e6386fb8,0.091,0.368,0.56
eb58ae54901161c28026e0da3ba87dfc,0.528,0.0,0.82
8f5b562cdc485ffbf358e92661516a95,0.547,0.0,0.7
dc9a35f42eb104433f567b1e4e0eb0fb,0.235,0.019,1.03
db69533acc5ce3871a320978486da5b4,0.565,0.0,0.65
ff3522381dea094e3bf355d455cf31f9,0.647,0.0,0.77
3a9648226e5fe296870743ce40608841,0.153,0.129,1.25
5cb0ec4499c0647da791229ac90167f6,0.53,0.0,0.84
7e6a003c5c17022942069211367888bc,0.333,0.001,0.88
8fc9460cb38e67502a009706aa90dfa1,0.23,0.021,0.88
21a7ec47d9b2a0757acb2881f0621a97,0.683,0.0,0.85
12dbe08e20d6e21d486117ab64d7f672,0.535,0.0,0.94
8c92cef5e6ee003e62e761bce0a62b61,0.527,0.0,0.86
b6637a72a070256897b0527eee0261d7,0.0,0.0,0.0
699ebf06ae92107364770a066585b8aa,0.646,0.0,0.92
1a437c4d65dfcdd48e7bcc7ac97beb8d,0.395,0.0,0.88
58e5e6658b7ccf7792cc87eff0cb042f,0.539,0.0,0.87
f59c983b03bac64a52b03715b3516c04,0.606,0.0,0.88
c09bdb445c28017e35f64f1c2d3599c4,0.686,0.0,0.77
165bc2554b239977b4c34d05ce971507,0.692,0.0,0.84
6f0e118a422b29d4be9a108b68c39a56,0.66,0.0,0.76
23b10cc015fb126517b4dd93bfa9d688,0.013,0.896,0.87
02997f061fc9c658345ff613b88d2503,0.346,0.0,1.02
da2079e70844da9c3ddaf862876043c3,0.315,0.001,0.84
3cbda861c7900a5845b5bb80427b5df2,0.34,0.001,0.87
859287467ccce4564490914901d4d430,0.54,0.0,0.97
a62d8b809b3194800dde04c5e5e68702,0.503,0.0,0.85
a8719f98e86213afdc66a135e7323435,0.485,0.0,0.97
9501ea7bd2545885aa553fe8b7c60045,0.291,0.003,1.25
f9e93b3b4e46ee098060525864b22c0a,0.512,0.0,1.17
e321ecd15dd3bb0a04ea8d9bb816080f,0.453,0.0,0.8
44955e1a0059e4a2dbc70d0fa5f575a0,0.484,0.0,0.83
6f6e46f928f644cb38ae4771e40983f0,0.364,0.0,1.0
880df2e377e9b8612b5fd08eca1880f7,0.502,0.0,0.88
531e59c428cddacb5f09d295b82ae55e,0.696,0.0,0.81
1d0018b7341aee55dc9b8294134ebbcc,0.502,0.0,0.89
b047528e2be106c33f740c03c208bd54,0.522,0.0,0.87
d47612ef5fd88678436066f519e3b76b,0.412,0.0,1.13
0051c97d97916d3d335dce7a2739015d,0.595,0.0,0.81
a35222c93936d8f8cb42e6aa7a23799d,0.349,0.0,0.88
1bf96bb8c4073bfc3cd434a5fcef5ba5,0.444,0.0,0.75
03b3539921c38858540f992d669dfb0d,0.542,0.0,1.1
e07bf6d3cd1309aaa975f7f1d4053d3a,0.378,0.0,0.69
2505897e40e8ed39806944f723a49965,0.707,0.0,0.9
bb159c37bb740c0f06d75437ca55c26a,0.372,0.0,1.05
319a5484ad3d4971de609636d0d20199,0.68,0.0,0.85
eaadeb7d53a7c6ea88e76b1bca2bdb0f,0.554,0.0,0.91
22ef773b358f38470a47bdd86ba4b191,0.462,0.0,0.82
fc081cabbec23a9ce98ce4e7a1d4a546,0.273,0.006,0.89
4a50db0b5fba9ed9f3b8d25cdcb52c10,0.552,0.0,0.82
08f79234bfbf48f4a872f14c6ee941aa,0.397,0.0,0.94
cb22db907c3f8d14802537c64d194525,0.616,0.0,0.95
09b0738a89d4d9fe6f3aa401c5ffe096,0.582,0.0,0.94
78a0459f0915f3966af26432f9bbc02c,0.661,0.0,0.63
898ba606b3470f61fdeddbc646f0c843,0.411,0.0,1.12
c5ba072029d34e1876d80c8897a774e5,0.455,0.0,0.64
10e3b1440c386bcb7ed4d161e873ff96,0.561,0.0,0.48
05911f1c3ddaf0f31b537bda927351a8,0.312,0.002,1.09
f2b6d8cc6c28866764b0883d1e38b66d,0.31,0.002,0.85
53cfb8ddcd1ee9267bae17ecf7317cf0,0.192,0.055,0.92
35520f68c1f6d8ebe901582cb226b094,0.665,0.0,0.91
2347947f1d68e3a24426a6e7c657f59d,0.457,0.0,0.77
1504eeef5f2733e555c0267be3eb2c32,0.504,0.0,0.75
fe8cefee9a64dc1a629bfceb40d5381c,0.292,0.003,0.87
c021b40b2e5f7c15faa21cf50fb3f4bd,0.464,0.0,0.81
017b4f84682b9d8fd9e09a0ba53912da,0.421,0.0,0.78
7e3e6a80f558716e373b22e6936a65aa,0.34,0.001,1.08
05fa3f39c2006705795b2df15bc3820c,0.448,0.0,1.17
00d139c6f6ef086846111f6533f44711,0.526,0.0,0.87
1337c4bfc353966f98a3e33549ace76f,0.549,0.0,0.84
9ae483d1d0dfc9219e68ec871a604332,0.427,0.0,1.03
81c279ddca235c26f06f35dc7e0cf1ee,0.224,0.025,1.03
136ea2ff8a7e43d0528d517d381f3d81,0.528,0.0,1.16
4f10481b4b006ad88c31f662f0c9a2ad,0.399,0.0,0.94
ac5ac473751a4d326a4a613fdc52b553,0.24,0.016,0.69
a434a96e93d0e8f4f0c36f43714756a8,0.463,0.0,1.08
690d0ead7039eccdcaeb4d9f77b168b5,0.539,0.0,0.94
ee935cf9300bd53ce7a56e7d6ff7a9e5,0.532,0.0,0.88
437a784cb43c988954a68846689f93bc,0.46,0.0,1.0
3cf6102180b02e5ccf0ceae4147161d2,0.613,0.0,0.86
e32f53de7b707bdb4f43c6c000ceeaf2,0.333,0.001,0.86
4f664c6dbb88ed2a23c8a2709d0ad32f,0.31,0.002,0.91
40ad8de8fd679b48564f3ff2b1b49be9,0.707,0.0,0.85
ce33c2df2240196774680ef796fd7c29,0.201,0.045,1.03
5b22bb13a1de1a622405b61b503fec57,0.483,0.0,0.95
ecd3914474f2709a469ef68791fbd8e5,0.272,0.006,1.04
67559e1a7c7c5d88e96ab7ba7a93183d,0.255,0.01,1.01
05ba273ec379d4114bdee9703b11b119,0.463,0.0,0.94
be0ce83af4e806cf67b7c32df5e2beec,0.469,0.0,0.73
a4077eb9ef9cb79a7c134ddab6042c68,0.699,0.0,0.87
aa59e2e0f36f0c3e43ce6a8a2b5a7b0f,0.492,0.0,1.06
6581101ec001f0a984fae92ce5e96636,0.63,0.0,0.75
702ae00de63dd617cc2ba17bc7156e74,0.318,0.001,1.06
5a0420698f39cae2fd37f449ea58901a,0.689,0.0,0.78
338bbe8fad5c547f8b480553272829c8,0.564,0.0,1.01
537288186c7a88110efa59da8b174aad,0.429,0.0,0.85
91e063dd0e9cccda8b9a9f70852faa8f,0.645,0.0,0.81
33fbbe8c61451daef1a6c3687ae6d819,0.306,0.002,0.85
63a2b7f60d7751bf0222963230399897,0.507,0.0,1.08
d77bb3bcfa1862df0d88670d44a8b627,0.574,0.0,0.91
c29b2c02978b3061dd06c35068472f2a,0.34,0.001,0.97
124529d518d482924d6b89813f5a2fee,0.366,0.0,1.12
6ed3f7546f093936d00083e6ab8362fa,0.546,0.0,0.9
872a2898493f366255b1a93e8966a108,0.619,0.0,0.92
64a687cb8f7d4720d404be97ba4b7180,0.291,0.003,1.26
6f03528228ef78063f52108e3b84f692,0.46,0.0,0.74
0b2a1a445abff23468a8a722d7dc181b,0.704,0.0,0.65
004a5469536d001baa1469979a449e85,0.559,0.0,0.8
e0576e496b3bc5bd1046315ddb72646a,0.285,0.004,0.73
1f01339dbe074805e389038b4953b64b,0.641,0.0,0.63
9994c722e8fc076cadf4e33d529cb475,0.411,0.0,0.95
fcf15f077b4134357c9ccdb6ac0280e8,0.164,0.102,1.32
26b38d035661b7c604e0ad33dd5cf387,0.39,0.0,1.15
2824ecef3958d8ac96d899e5f984e3b2,0.614,0.0,0.43
88b5a28e95b49dea7a68146f760a1086,0.639,0.0,0.63
6343fa622ccf82de3b9281f02886eb47,0.525,0.0,0.67
13c6afd4ba328d7052eed1c7e2373d21,0.504,0.0,1.01
d27c805abc4eaa6365783613e8854bf5,0.63,0.0,0.84
7186639dfd082ffb87d70db6047e6426,0.734,0.0,0.79
c283fa1a9ea6b67058976fbea844bef0,0.52,0.0,1.01
f56d861abd13dd475a29d9b3a9aeb907,0.545,0.0,0.66
7acf42abe862d57228088db415e64d32,0.514,0.0,0.89
a12cacdedbe407c70f994cc96d05860f,0.483,0.0,0.97
ea347dbf2cababe12cad16892f3dd1f4,0.394,0.0,1.24
d11054f2ef0294551606c85a3e9f6da2,0.308,0.002,0.96
8e3112b8660a2901e18ef63bc9988364,0.411,0.0,0.98
7c99e9cabd9d211b10b5f94dee382412,0.387,0.0,0.95
1f88e780472ded8a1e105d40bf076696,0.435,0.0,1.05
99dc5d3796ecaa6f1abcf9e715f025d7,0.496,0.0,1.0
55fbee7fd495a222a257712dbf2438aa,0.594,0.0,0.56
43d6a594ce169b5030ccae8c5fccd67e,0.562,0.0,1.0
a1f40a06d3a0c825422bec5b6bc46b68,0.285,0.004,0.97
7850143186daebf6aba614511599970a,0.691,0.0,0.81
f2e2b2d8506e55f231c9018b79e1af16,0.349,0.0,0.94
38935223e40b10a442670cf773ff1a78,0.177,0.078,0.92
80981601361734c28fd8da4ec5626bf9,0.625,0.0,0.71
b2599f4a7b987db327c8ed3901363a5a,0.515,0.0,0.87
6b03569351a56755d709406189eab155,0.223,0.026,0.96
6e1bd05d492a989749106ed0fc97fd6c,0.24,0.016,1.15
caaa7d8c1816295fe3a25476d95b3400,0.325,0.001,0.97
08c0616ae137dc45bb9bddc93aaef102,0.308,0.002,0.98
93005e9c0840ddb440c75ce2afda5050,0.595,0.0,0.94
57c18f40206b7d35d6d0c5d5e36d2f7c,0.254,0.011,1.11
36c3d8ac3efa985fcfee406ee0114359,0.42,0.0,1.09
d6ea99b2727d19657c6ece8bb5f704c2,0.155,0.124,0.95
157c78c1207155c706a24089ca14c275,0.397,0.0,0.86
b99c5ebea72a5096ebdcdb7f9ef5a277,0.601,0.0,0.85
9bf63e3e2f7687cbf9599403e23eed44,0.455,0.0,0.79
64b51b5fdb10e09dd24b38d17bb2a318,0.638,0.0,0.79
9eb0d24e6f5ec14f6b1f8bb6642bb517,0.44,0.0,0.78
158c81baa34fe4b2d361c26b6ba4e111,0.294,0.003,0.9
256bfc38ede12d18b39ecdbbab4c1c60,0.412,0.0,0.7
84d1a2573b06e86b12370ce2c7563117,0.488,0.0,0.98
b98b995372448f015357638c8eb6add1,0.604,0.0,0.83
7c7c08fa3b24726caa54165b3aaddbd3,-0.053,0.598,0.71
afe18af5b44548692979363b6b328e27,0.694,0.0,0.73
a580988addc66cc8357b9bd01641f53a,0.452,0.0,0.88
fed572b4fc7b749e440613a91032e7be,0.404,0.0,0.91
f7bc789d0d71bf7d0dc2f0842be545cb,0.539,0.0,0.93
682d6be972ff36ad602464e6f81e5ac2,0.192,0.056,1.27
ec5b7563eeb619d98e0623fb8bd9ff1f,0.42,0.0,0.94
97c12f95e5229d979200cfaacc6b59af,0.305,0.002,0.91
50a77e11b9bd2ceba5df5df677e72466,0.496,0.0,0.83
bdbe82b5bf0edc52dd4f713406da3b22,0.343,0.0,1.01
09f558e06879f08936049a1b415c1219,0.294,0.003,0.66
2ea1c8c553fa28794edea34d8a777c59,0.583,0.0,0.95
feed527391458c8b16bae0a5c4566d8c,0.35,0.0,1.29
5ce9dcce52478156b97d195efb7aea92,0.428,0.0,1.19
8c094b284cc68c9a6c53ba74bbf5307d,0.298,0.003,0.97
fe4e933cd6036f3ce4a21fc7e87573a4,0.323,0.001,1.04
e8653cc56b3ae0cfc8f9924e8680d0db,0.575,0.0,0.89
a8c92d453a51b645f20c374bb7be2805,0.644,0.0,0.82
4f4371567dfb6163d3e4263319e7758e,0.113,0.262,1.08
8b808172cf8e548203967acd82f467e5,0.427,0.0,1.0
eaeeddcc9d1c934de90e803276c5fd84,0.471,0.0,0.9
97e5219e5ee2580e07b4eae3c8c1607f,0.446,0.0,1.01
e293c01d98c264c66637445926d48491,0.516,0.0,1.08
f1466bb48e34ce81f77c54ee517577f2,0.361,0.0,0.89
b0d744ab6477efb61412db9f2f487120,0.657,0.0,0.94
2b1808bc1720a52dad2c5f3880d8961c,0.573,0.0,0.57
11187bc926f3b4f1cf18a52a097adfeb,0.692,0.0,0.74
f87f89780a8146b3e64bc88cb57a28a0,0.418,0.0,0.76
4fb53220a04c6e8bcb9bbf77a9e81cb7,0.548,0.0,1.03
a6182cfa84351abbeeac9d3899ee9d72,0.509,0.0,1.0
288560a2ae98dbde73d94230b7be1b5a,0.338,0.001,1.09
a946c309cdc4111b87bfcf716b4b7a69,0.749,0.0,0.64
7166c6cbc26ba72bdae26be0a87075b3,0.584,0.0,0.84
f83e59ffaf7288b4bba29991b0daaf4f,0.678,0.0,0.59
478b4b920252566ca993235db21d9b67,0.47,0.0,0.76
a8e684861c58ff7bdeacf7f6cbe61132,-0.209,0.037,1.69
046eaadc6312d3f335d1b5e34fe812f3,0.52,0.0,0.9
4aa16f6c13641761e101072e38739aa4,0.395,0.0,1.21
0e22f061e60f0bdf0ffbfb8c8b750ab2,0.636,0.0,0.89
e138a69a3d4405c8b8a882661ee10497,0.332,0.001,0.98
fd25f5a46452b5c834cf527484f87940,0.343,0.0,0.66
9f3bd5fb2a48bd3e667a5f84aaac0462,0.505,0.0,1.11
31b226bdb2f06fb833e4e36a936349f0,0.39,0.0,0.93
524479ab9ccf909fc01ef47ed895646f,0.252,0.012,1.01
08cca97986bd0b9f2b9c595170fbe921,0.564,0.0,0.82
509b677682d4868f2131c9671ce71fa3,0.592,0.0,0.85
30a277c368cd776e50dab73b9b16fc88,0.5,0.0,0.87
78dec8d8ab2b3b040a0563ed7bcb3991,0.27,0.006,0.92
770d42ad37d2a185040e31ed92c67c60,0.428,0.0,1.06
62ea930e395715c58eab45fe62f6f442,0.346,0.0,0.87
e50f5272357a1dee28773a579e517fc1,0.631,0.0,0.85
b207664a33131b15055bb459165b0fbe,0.037,0.718,1.08
ac2b7e13d01c65719dd3a8f161ed0d6e,0.507,0.0,0.94
8fb8183e975892a1a20909c8040e31a4,0.422,0.0,0.71
3caea651575693e7b0fbc1ce144e5ebd,0.616,0.0,0.78
b7303b21dd2c68b4209c76c662317925,0.481,0.0,1.17
c47db6f64a7f5ee5aab41361d7ac8723,0.146,0.146,0.82
5d1d93f2be76ce8878f8b7b1781f1694,0.294,0.003,1.11
a5cc23e767a623f7a12b4131a2492cdb,0.591,0.0,0.85
fff2529404d766b82221a6645c43dba8,0.677,0.0,0.72
022cf8fb39d15708081bfaee5cf38f2b,0.527,0.0,0.87
8a848e95cb018a7c7a6f5aa9400ea8b4,0.29,0.003,0.76
1fbef6f4d1b06f3e60cd4e8a1c1366b6,0.303,0.002,1.02
df9ed5919cd370f49d44e19ea39d8ccb,0.479,0.0,1.01
5e1e7c7de988d7a23100817cc86b9713,0.175,0.082,0.93
3a76cb81a5027349d79bc3d42c1955ab,0.474,0.0,0.82
450b7716cc01239a36364edfbf97ca2b,0.374,0.0,0.67
0a559614e7e8077d67cd702fc0455f46,0.356,0.0,1.18
9a5e3169f6fe0fc7c02bdcbaf8c6d125,0.455,0.0,1.01
3cdc7b4782b05347e888d22d3928d978,0.42,0.0,0.71
9fb708db0ac17768655509246a1fa541,0.619,0.0,0.98
3231596675d9739a764cbdb9d709f245,0.32,0.001,1.08
8c6b8d2e06d7fe4f8eaaffbcc098797b,0.488,0.0,0.78
78ac8c420f0ac64e0b2934037399a40f,0.554,0.0,0.61
d7470a51d26b387268b55f4ed3f32d43,0.71,0.0,0.73
950a49a75c7128a2605fcbeefd3a5105,0.44,0.0,0.87
1c16c154820739b11b5600bd8b3a5e16,0.619,0.0,0.81
b2f5e1b7e0ea300dee534abe79ee17fa,0.406,0.0,1.1
2190f7b2d3aef0ada3e0319e4419622f,0.419,0.0,0.65
5693cddb58f2bb903e47e41045073316,0.533,0.0,0.88
968889c9003a858dfe79a8b01a8c4b76,0.59,0.0,0.73
b144c533e2f832ee90303888a1454e20,0.56,0.0,0.89
a0c87e0831810d04fa5ddae5f70c21f5,0.435,0.0,0.98
9aa75f5b2df5b4c1841a00d4f0118295,0.469,0.0,1.04
9abbd4ac2e3dc10cb68c34efdb7a5416,0.354,0.0,0.79
733924d2f62385907d4460bc626bd105,0.449,0.0,0.85
f716300e0714cdf2cbe58b16302d37c7,0.661,0.0,0.9
533efb6d953f62acff287221b987b7ec,0.525,0.0,0.76
5d144b319b1dc1f612402b44ba772e91,0.588,0.0,0.58
3561673a2bb1628f54e5d096afe31b4d,0.563,0.0,0.93
fcac80ebe0fca7e1d3af44d88264f89f,0.497,0.0,1.09
861b8c0f738cf23dbae377eddc632a67,0.524,0.0,0.77
9f5b7055f9c26d52561fd94c23ec83b9,0.386,0.0,0.93
cc683affc0f1cf343b5bae48461d7ed1,0.744,0.0,0.53
2c82929628e098d99ff01b05bbb7cec5,0.246,0.014,1.35
227b3dc9e5b65cdf3c2aec35520b75b7,0.441,0.0,0.89
1839df7ca7a0b0445604b862b398ec29,0.341,0.001,1.2
bddad0fc16eb97a7b52a0b38eee03770,0.555,0.0,1.12
2b7dc4f71f7458302ee49676349ad093,0.502,0.0,0.88
ede137ca14bbd46c9c51f7f72222b0aa,0.414,0.0,0.97
622cf94a639e94e2689e5b293b271f69,0.436,0.0,0.78
2931123d6240a1cac55a50a0dab7bcf1,0.449,0.0,0.84
13564b986d25a99226cd43ff7a0ca5a9,0.346,0.0,1.19
2d8931e81f1c8d03183b187551ae5f1c,0.389,0.0,0.84
afcfcd1d26bfd22fd7fb1c1811da3fa1,0.639,0.0,0.7
3bcad7cb53b1baaa2a04a02c1833211f,0.487,0.0,0.95
56bccb8d6df3426cf0b3c2147d328bbd,0.587,0.0,0.81
790bb1afdf91006371a226f352c1cecf,0.527,0.0,0.9
bfbb47f62541d351721c3065a358cf83,0.531,0.0,0.71
2d739d81952f0214a86a5a2f564175b2,0.375,0.0,1.08
10f5ba1f06b7b9137fe40845ffbb8ef7,0.486,0.0,0.82
27c79961314502dc75eba35bff4dcd12,0.309,0.002,0.61
2a3e0137e6b64b094470abb2ef27a504,0.525,0.0,0.76
f4c1bee3e24488e1937be35d9fc85e64,0.464,0.0,0.95
25a3732a8d07c136888ef116bca5ae0e,0.231,0.021,0.66
ebbc72ac7ceb1da8801509f2bffd1b9d,0.546,0.0,1.01
77eabef827177bedeea237f4c4a33f2d,0.136,0.179,0.94
226a3dbb8d92522a5b8f5246bf0ea2bf,0.268,0.007,1.08
23c139ee140fffb8dfa84dd6cf5980e4,0.503,0.0,0.92
9d31ea89d3f666e05d8f0454fc31fd1a,0.431,0.0,0.92
f1df5b265ae6568b67b2e3c1edb9fa77,0.161,0.109,1.13
9836cf1da4f05ec8e666073870880201,0.289,0.004,1.41
1f442f65f98ede64aab604451a201361,0.314,0.001,0.75
b9769dd8bcf4eab6139ff51e0595d9bf,0.393,0.0,1.0
bc6b3e1beb1b2551ead167dca7f25e71,0.5,0.0,0.6
daa6360c8e45b4e34ad8fddc4991214c,0.573,0.0,1.02
f5cc696c27342a4eb233fd19b969d731,0.213,0.034,0.96
60db842eabee96988ca8da1f22a44a35,0.296,0.003,1.56
4afa53e290b01445f8b3ed8a3b077d60,0.374,0.0,0.7
81289635abf67ca4fcbf2346fbe1eddf,0.507,0.0,0.65
86ae0e0ea014db1a1a9f53b85ef1e3bf,0.307,0.002,0.84
c5f41386c071096c36851b46ab192a5c,0.595,0.0,0.73
db26700a281fbf4afb02a78b423c5163,0.465,0.0,0.76
336044db7791448b90c15121165b3af4,0.35,0.0,0.97
dc06774f3869bf8cf9e2bd053ae0a46c,0.618,0.0,0.66
a590060f3e794cdabb58d9248f23fb63,0.756,0.0,0.7
64ed0d1291edc38df9863acde2462691,0.214,0.032,0.8
189c6990e26332156809fddbedf5e48e,0.357,0.0,0.94
5a25a71a80f00535f380c5b268a19210,0.652,0.0,0.94
bb71b9552ac3e3df2fb23ba6afe4251e,0.305,0.002,1.42
0de1d735469cbcec19fdb6f7cced8c2e,0.679,0.0,0.78
e9f8cd1197e770b66ba4bddf17e56550,0.689,0.0,0.91
7fcf0496b3278b8c246e83d231fcc801,0.571,0.0,0.87
eb1b24428491a3132d7c2f4295ea167f,0.437,0.0,0.74
921af1921fc3444e91ede4e856ca146b,0.498,0.0,0.86
231a537a01447f1277393c2eb7f4625e,0.567,0.0,0.83
4b9846272180845214b34c69b465a185,0.691,0.0,0.78
617c624433885b7f9028c9a07a4c6d3a,0.291,0.003,0.86
c3032f9de7675d45632269694ab1bfa6,0.368,0.0,0.78
e3f2852b205d85086d25b684dde9b198,0.564,0.0,0.92
043e9ff8edbb351126e3a500f664d971,0.395,0.0,0.94
2b39da07021cea0c260ebcf6b1593cb8,0.417,0.0,1.11
ed4699825d8188c9dfe2becccae61c0d,0.361,0.0,0.86
bd226858a3b023273ada4f3baa73d5b7,0.525,0.0,0.7
bf6a1d04cc744a79e229e2d5b8d3d1a4,0.239,0.016,0.88
ee4ddf691e1287f754e805c35df99675,0.1,0.32,0.83
6e42d2010e55cd467b5f4a239eaa3cbf,0.45,0.0,0.87
d6851da5d046227570cd313c09619853,0.71,0.0,0.79
fe61dde2a6cb68d47d8a10d51de923e5,0.466,0.0,0.93
6364d7ecf0463249cfcd2dfb501691c7,0.259,0.009,0.77
d836e8d8e60928646abe865f40b5ea7e,0.593,0.0,0.9
e661c665c4f35d65b3f59330c232a26c,0.468,0.0,0.95
f8e24e4c924b62cc112aecf6a45a3bc1,0.3,0.002,0.77
2e6043cfeba7f717ac38504fc7095ada,0.301,0.002,0.93
4e5bc97d95f3aca05d420bfd4e3a2639,0.43,0.0,0.96
99163eddd451bf93693ec8b20bd5de37,0.365,0.0,1.01
10323146d6c03298b0d88200ffcf4afd,0.413,0.0,0.6
393c2d11359a7c0eea7b47a8e8c33195,0.512,0.0,0.96
2d092b92ac26f5f11baa1fecb91ad210,0.624,0.0,0.72
6cc16be6658acaa8aaddd7edd64cc3b9,0.619,0.0,1.11
55d59df263ece602cf23687d2e884b76,0.556,0.0,0.89
e5d699b2a2c7a4e80e78ea02be904337,0.459,0.0,1.0
50725862ef11e1e93e142788b2ad61fc,0.485,0.0,1.01
82dc4ba85e9dcfbb67a15349a85125e4,0.572,0.0,1.23
86459e28c0d114152a9a5334855b0e42,0.472,0.0,0.82
ec78eb795431b8797902f0a754e21f4b,0.397,0.0,0.82
d03a8ca6dec536b1a7d8b327576909a4,0.353,0.0,0.9
05a7ffee4dbbbf49fb420cc2d0d09f32,0.56,0.0,0.99
5e4b7071f0dad5a65e4d67c065b27d12,0.472,0.0,0.76
096b6532467b24101da5ca6ab6e2604a,0.207,0.038,1.13
147ae72a9a56a937f7271c7bbd1eb584,0.415,0.0,0.79
6995dc422573d23210274c0dfb3b2dd5,0.504,0.0,0.81
5768075580faa60973ca2c926dd51546,0.594,0.0,0.89
d92869b0e75f9445ffcf66e22a98c4d4,0.433,0.0,1.0
b4b898afa6447bc978203884c4d23e92,0.463,0.0,0.78
19d664c49f7a3df47bfd983fb5709660,0.68,0.0,0.68
e30a33d108405355566ac901502c410a,0.596,0.0,0.98
4a39acc104fc9513ca780edd90289219,0.408,0.0,1.05
68b1e1ecc11477595faaa5d26f8e48e4,0.495,0.0,0.9
efa250729a3783e0829aae656feb7de6,0.675,0.0,0.98
39db5ca4b542a11e5497d868eb055591,0.31,0.002,1.03
e4f2c3f9b0a5f9fdf1a03b66786bc775,0.455,0.0,1.07
a051de2d9b1fd3d7078a49ba4495ae00,0.463,0.0,1.02
252ff560704dffb26f0b8cc563cb6162,-0.057,0.572,1.29
e1284ebd8c142790fb1e2c924cc8d2eb,0.639,0.0,0.93
645ac6dfc0e908be7a4a2562d1a43fae,0.479,0.0,1.02
01d5b5cd805194ab7219100834fb480d,0.24,0.016,1.28
d56c6c145bf1ebc35817c6040f0e2b1a,0.375,0.0,0.93
1198ca8735ecbf564f02cf9160aacf01,0.569,0.0,0.82
17b1b93f4278e63e935cfe5671efeea8,0.487,0.0,0.67
455a1c8a441e3a0adcc72555d4cebec8,0.284,0.004,0.99
7dc6e009878780040e79ea2bea6275f3,0.537,0.0,0.78
a3b0ae4274a50245389d6687415bfd7e,0.417,0.0,1.16
c24b520d6cdcbcc25aa687495ffc435e,0.291,0.003,0.94
8aa1de00ff0b7381a3cef15250fbbf93,0.501,0.0,1.09
18e7ea49541f2623a62f328727725fdb,0.485,0.0,0.68
a0fd7c426cfb2a31c0a04e0d0ee4be18,0.446,0.0,0.69
783c59461dca0f3ceea67100ab830b3d,0.419,0.0,0.92
9202790e9e828c16a040b76e47a24cba,0.205,0.041,0.97
16a8c46b893c6fe0b9bc44a319024218,0.611,0.0,0.83
1a2e5c1fe8eddc6350de8320c0692504,0.369,0.0,0.92
7dd374c92f16b29920baff4a79b5c88c,0.151,0.134,0.81
30d7980892664445a3d8ee6f7f8e9d45,0.311,0.002,0.91
5f0c81eb8d88669c3cc8285b98bfdcaa,0.324,0.001,0.89
29be62f9286c0e9e0b84488160d0bad4,0.132,0.191,1.0
5253b7c0b0a1db5b29e9b20dbfebb770,0.462,0.0,0.98
f32c56a94c03055500509620bc7d9c54,0.538,0.0,0.81
841cd23a2511b1423a1edf26f699236e,0.534,0.0,0.95
ef3ba617c3fb280e46927bb7979b102f,0.32,0.001,1.04
7695fc997c46bc39388e74beb66acae4,0.581,0.0,0.99
a5b6305ed218b74c1b150a929405f9b9,0.554,0.0,0.87
3e35c3951e8024d7be70c5baa1d375fe,0.359,0.0,1.07
94c534e6a80b03a443238b4557dfbb39,0.314,0.001,0.95
691d2bb9be1150542b855077dcf15348,0.374,0.0,0.98
80185ff66339c9e8055861df6b1c9fa2,0.64,0.0,0.65
6f22938497a495b56cc19e030f851b74,0.578,0.0,0.8
219ada171445ba0158f96eba2f152a95,0.582,0.0,0.89
58fc3ef1eb7c362e8b57b1f518b448ce,0.364,0.0,0.89
761c6d167bd6efbc8b4c757abba65c19,0.59,0.0,0.89
c02e53be7a72ab77429dfab4ad497300,0.437,0.0,0.82
51ef3ad60c784a95a95bd8140bb57fdd,0.53,0.0,0.77
92a41e59a720b4a0598c1d8884d75e9b,0.306,0.002,1.19
fd90270e96f2519374819a0e954c27e4,0.443,0.0,0.97
e6d6bd8e696ef77e120310171b2e4f59,0.645,0.0,0.96
e04f6699513051763110c048f33318d8,0.577,0.0,0.64
2aaf57f491b131066301663c6613b23a,0.345,0.0,0.89
20b7f63bb6d407930fd6241b7657d724,0.581,0.0,0.8
58d6ef040f828cc47dc8d555941bf699,0.3,0.002,1.09
e7b9e60d8c63c7578015ddd1e4b4508c,0.714,0.0,0.77
75e02574f3b282c47ae9f439224c47f3,0.436,0.0,1.08
be4814aff07fe7ba93bcaf26082908d4,0.546,0.0,0.69
4ea019612f27c228477336e385f05dfb,0.489,0.0,1.04
491300034e0e685ad546e232555f5b6f,0.555,0.0,0.85
b123e89dd4dcd800c1ffe5d1d73c14be,0.142,0.16,0.71
d7209ea0b5731008877fc7342476d9ab,0.448,0.0,0.8
a18a531a4bb34823b84fe0d1ab7e345d,0.528,0.0,0.68
2a19110bbc0365b1b68609cb1e5fc411,0.433,0.0,1.09
919fc7935c60bc90c3f712c566bc600d,0.582,0.0,0.85
9ed2512823d55af1b77a41531875f5e4,0.738,0.0,0.86
de4dec892174d115c341578553f3b2cd,0.376,0.0,0.74
6b24884df48534a6c5069685aabf593e,0.615,0.0,0.97
7567997d024879f42a89d3d986d4100c,0.347,0.0,0.62
5c10bb076ced7976d6de7becb4cb3ed1,0.148,0.141,1.13
a92a52fa5f64e3e826116ff9654bddce,0.64,0.0,0.79
3b9b450d3f16b04539c98adaeaa6c868,0.598,0.0,0.81
6400d8ac5085c2402fd86fdc9aaa1784,0.508,0.0,0.89
eb39b3214f07004a29d94dcb1becb5af,0.589,0.0,0.86
6f811f922366f51ab63185a48187c6f7,0.511,0.0,0.97
97f72fd047f11192bc4e38dbed4ab27a,0.417,0.0,0.85
b44b0f653901b05279b99172cba4cfa4,0.197,0.049,1.2
4fdf69adb02fe31ecfacddfb75697f09,0.408,0.0,0.78
a4ec465f545dd8e93fce74fbfd072502,0.499,0.0,1.08
25ec28a26e5088c728279f6fcbc4a71d,0.434,0.0,0.91
1e0e1d7432c845bb8778b83bae1fe7ab,0.48,0.0,0.79
5ca399c1cb40f8b00f89e69cd93c7d96,0.419,0.0,0.77
03056baf2b44f97a26ea48dbef7d3646,0.458,0.0,0.71
d14ec34b26e9f52817c6fc97884d389c,0.676,0.0,0.69
9b6be74d21a9aa6a2cde9767eaca4f2c,0.513,0.0,1.01
eef9fce4175b7e66b6e61f48e965d078,0.489,0.0,0.55
cf7f4b1b81c71314598ddcdfd4a5bd5b,0.508,0.0,1.16
4f51ab0a8a4233d3574a430e9116b6d5,0.606,0.0,0.91
0154f0ddcf5d356dce0016b5fa3b5b42,0.2,0.046,0.79
3d845ace0fd3d7171400bf6b3790ef84,0.287,0.004,1.06
ae2b3b706697b7aca3b24721fb20f381,0.547,0.0,0.88
608344463eea96ca2224516db525accc,0.372,0.0,0.86
0025d972a17afcc29ea4127038f5da87,0.545,0.0,0.58
cbff0cd90226c81e9bae619d12fc70ea,0.492,0.0,0.95
30723e9e5ecfe6d20e5e67d1163e3965,0.47,0.0,1.14
bfa836fe9c2327ab26b04a1fbda63fc0,0.604,0.0,1.03
a1a530c126d22dd4499a996da385a31d,0.526,0.0,0.87
38a97fcd863468bd654d58e1d808c482,0.368,0.0,1.02
8b2a70ac996b8a1698fa5957ee43eaaf,0.559,0.0,0.92
ded72d926c0e636465e175b203f6e46c,0.461,0.0,1.03
7b07acccbb3989a46f223f8e8b0178bb,0.452,0.0,0.6
21c96c50e0974297759f3e8f0fe95474,0.189,0.06,0.82
6d1d5184bcc3178c58c3488f041f0485,0.37,0.0,1.05
de279260feeddea9f213d1e9193dec7e,0.569,0.0,0.92
62c0cfd939807de07d6f0e637dab7bb4,0.485,0.0,0.8
adb331f854915ba1031fcd0778e70c20,0.471,0.0,1.03
5051a0daa9256393fa371882a9e34fe3,0.505,0.0,0.83
c3bdba86e9a39be3c4d386f38d049dea,0.412,0.0,0.91
4b8aa3e935b8caa4b35d1fb19afef654,0.523,0.0,1.03
a00339d3cd4071e4c1fbcccb7beb0f6c,0.5,0.0,0.8
34f867e2c1e6a4ae675e5344da4039d1,0.447,0.0,1.05
c07a5cfdbcd30f470bc805acb6fe819c,0.294,0.003,0.68
510983c4cdce785b26c23a0cc557f2e1,0.614,0.0,0.73
8222357bc737660e0cf7dddf57c5bc33,0.519,0.0,0.98
00a2733074405eba2809497288d73678,0.462,0.0,1.02
bbf4ddde675f65aabbac1454e218f221,0.63,0.0,0.83
13e3e5b7823bb63bdc20252f390ccece,0.245,0.014,0.93
362544fe565f9e97b2a52db2d3b25feb,0.142,0.157,1.05
d36e1c508db553a4722bd23b75b75e9f,0.474,0.0,0.95
edbcb326cb98a1656b99d038f0077f44,0.325,0.001,0.85
c0dbcd73998259c5f33cf0554ea07e3a,0.663,0.0,0.94
f73caf884e06d51edaba836e0cd54363,0.443,0.0,1.11
6d259ab475c21c8ffbbd6b2abe0f0f61,0.617,0.0,0.9
6ac82efa8cd95009e92133fa0b328845,0.345,0.0,1.05
6cd1f3815478eff4941e94cdabd4c45f,0.661,0.0,0.85
7e091315372cee8c9035e27d82ff43d1,0.08,0.428,0.93
efb8a52f54a06d9a044c6aa83a034c2c,0.716,0.0,0.85
3847972025101acdd87d625e9354cac6,0.12,0.234,1.26
80b4ca9b48b9cc57d671346c780d5514,0.466,0.0,1.08
38bd477717360035b9442e6ad8793459,0.431,0.0,0.75
deaa67b369f5365277158a8f5872ac58,0.783,0.0,0.43
71b5d2f570b1178c458485824c7a5b21,0.521,0.0,0.83
309398399616d8366802f6aecf4b1dc5,0.285,0.004,0.95
44622a7f26bd1b38eb2d224038155889,0.408,0.0,1.01
41607b7bccc9d8709c74b4c7e90bdbf3,0.561,0.0,1.01
ad64f213c6e848ec4c734f0be3485682,0.496,0.0,0.99
65d96d0ffd5526f86665dc39f85c451a,0.471,0.0,1.01
a342998a6b740a278268a9fe5420804b,0.387,0.0,0.88
ab4e6b8fb25a7492c65ae3dae9bae6df,0.441,0.0,0.94
eb0dc6063b095ba96cb8127a596b20a3,0.329,0.001,0.99
45a9b3cef7a269f3bbe2a08413925443,0.548,0.0,0.85
feaf02cc3ab1dac7973fd3a97a0c1990,0.422,0.0,0.93
aaae0a0b45fb9ffaad9dfb04373333f7,0.493,0.0,0.81
667455917db4ec85628602770c1fe950,0.456,0.0,1.0
941d11efd8f9406563f723d9994121b9,0.494,0.0,0.9
2bcf94a2c1cfa2caf986506dc489bbab,0.411,0.0,0.68
254b9aad0410b9d7331d7ca9cfbc184e,0.25,0.012,0.84
24101221320ffc7b3f48df5483596458,0.529,0.0,0.99
2b5d261107055b1cabb0b0e852a8c1a0,0.507,0.0,0.94
a922bb14d6e761fa008c61110161723a,0.481,0.0,0.74
0f0824761cdbadbe24c2ad80651a5ccf,0.398,0.0,0.77
9a019675f67bed252995a5d3c29fce75,0.51,0.0,1.07
3a32555f0eee18a9587b0edfcb27b71e,0.595,0.0,0.91
746f3c146b21eb3147d165d84d7d8732,0.325,0.001,0.94
e480486f07f172d08c152e69397320a4,0.344,0.0,0.96
1b2bade51c6d814c897cd5614aece8c9,0.232,0.02,0.93
fd514a329972727050ffcad42063503c,0.613,0.0,0.82
6f73b70d0c41a2c70649ef2d7a255b98,0.611,0.0,0.91
bef488695ba55f44c65c9fd33376cad7,0.669,0.0,0.8
0f38b7a7c7081491546bb0040c6bac1d,0.562,0.0,0.88
42c73eddab4cecaeea2fe1957730e6e8,0.364,0.0,0.98
7f92f4f02cb865168fcd3c2bb7fbcbb4,0.257,0.01,0.79
91afbf937d58b1314f003e3dbab7649b,0.625,0.0,0.75
e49a4348e41698d5f76c61e19a72a5aa,0.424,0.0,0.78
73e3fde08fbeed2a2a9ec8d68f27e010,0.528,0.0,0.75
fcc07c2e671f6670391d0e9d72ea9b6c,0.555,0.0,0.58
067ace78ebd8017e920f4e7469e5a1ee,0.463,0.0,0.81
12c2ec22ce92d0221dc00e0cbee7e68d,0.491,0.0,0.62
c991206407d92cc63924e94ce9ed818c,0.419,0.0,0.85
c30f3e45d39548723ebcd0d2b8506a73,0.581,0.0,0.77
d72e8920fc0ce0addfc038480acc2945,0.651,0.0,0.94
376cc1797a7cbb41a33c392044fc2794,0.076,0.455,0.89
1c9d93b4d40696bbd36ec53c0bb6c6f1,0.499,0.0,0.73
e3d73e60870c00d88c478ceb0cbfebe6,0.497,0.0,0.76
f8ccd7da3f2786d7683a7077ea7d9511,0.617,0.0,0.85
7e32f31a9dfac204df346c4b308039bc,0.532,0.0,0.74
2204d6edfacfbc133fc59058a0b6bacf,0.353,0.0,1.16
bc9781765c25866559883856db948dc9,0.542,0.0,0.79
f60a74ba94c1b2ae4f98d3d143f327d4,0.361,0.0,0.87
11c732e0cea2abe6d33b23bf71c5c621,0.361,0.0,0.91
4ebf04bc964be0ee9baadbf0858ddb31,0.448,0.0,0.95
0ee1011aeb83451a785c59f05b5778e2,0.654,0.0,0.87
73788d080ab546099c98851e83581e4c,0.514,0.0,1.12
a40f54887e252ee1496bb72d1a033f4f,0.423,0.0,0.96
ffa3783b6fffa570eb71bf12c15f83b1,0.502,0.0,0.81
8efebbff1c7831780078e8d590daf08b,0.451,0.0,0.74
340ee66783b9bf65d3801ed18924b8a2,0.387,0.0,0.77
d90822bbf500fb3fd45ea2c52ddb922e,0.538,0.0,1.01
20335a77ba3854160ed9de6c61e29217,0.283,0.004,1.03
3aef09b89ee0d8e60646857303ae8ad0,0.506,0.0,0.81
d4ddf8f77e94b1964eee56a1a267b774,0.487,0.0,0.97
61a3e8b7a823aa131f53c0f8de5a3157,0.275,0.006,0.73
e75a9cb530fcfa8a818a352fe34085a2,0.417,0.0,0.89
c52393e25bafe2e4772a63352ad59309,0.485,0.0,0.95
5a6627b01ceda0e53295a57a34d195db,0.605,0.0,0.84
f2de1407c8147de7052cf378db746e0a,0.372,0.0,1.09
5cb9a0a9b2de1f273fcb0e6a5031ca47,0.716,0.0,0.8
76ced6d0f3b21e66a1e1bac4bee6db42,0.523,0.0,0.8
ac778e41b1cb73055d559c1c7505d89b,0.565,0.0,1.04
42079cb63f26800fdccb00bdc9a6a04c,0.42,0.0,0.95
e0aee49f632eb39d9f9e0e8060653fb1,0.493,0.0,0.82
aa3ce0a7a430f02da6d276729f148921,0.37,0.0,0.94
c274505ebfbd8de9d24bd41fe4cef8f8,0.558,0.0,0.69
f8ab82b4b8de3f340052245e7ba098b8,0.42,0.0,0.88
298f9c9d454592091e183be366390200,0.579,0.0,0.81
5d9755ad3f25828574ad91e725f2a30a,0.443,0.0,0.92
472f949076587418e2da2c4aa08b8061,0.357,0.0,0.74
dfcc56804042d6cee7cf33f269af6ade,0.05,0.618,1.04
fc5738985d601622678c666c4f3355dd,0.246,0.014,0.64
6f995a2d533bfac9e8bbd16d9445e353,0.38,0.0,0.83
6c04220af534c5c6ed377f9fcd453b16,0.607,0.0,0.53
ef86561cd0f06b562dec2319fbe6b385,0.373,0.0,0.88
4fd1001482a12adaddb777ea7581fc4e,0.347,0.0,0.73
2ede06261bc75340738814c4546c92f9,0.529,0.0,0.86
040c92f486fa6f5dab2b9f2535d568b0,0.464,0.0,0.8
fab3722b69d76844693dbb7b70e221b6,0.299,0.002,0.85
ffdf3c958875c75ff7182f0c8fda95fe,0.593,0.0,0.8
fe14d3855c88d52a066654e02a2c0c96,0.552,0.0,0.89
346cb49b39c7100b2f1813c7f530e72a,0.665,0.0,0.8
58f0d8f573919533ee3d795f8c0ca0b7,0.52,0.0,1.02
5efe6926f4e840d29017abc040380d8a,0.491,0.0,1.0
68dd6921d0624c909ffbbfedf2168250,0.679,0.0,0.74
73f4bed8efe5dc671246471b012f2a88,0.42,0.0,0.96
a5e57e834675bd224483f8d1d09611f4,0.133,0.186,1.07
887de291017e13fe26748c8565ed9278,0.557,0.0,0.89
78f3210e1041fff8c0a8ef0f76fefa9f,0.758,0.0,0.67
44ed68ef8f307b4fa68177b5ae02ccea,0.422,0.0,0.99
d17785418a261ee5ee03e8ee7b01e7e0,0.432,0.0,1.05
6f370e461c22f612fa1f970242b085b3,0.554,0.0,0.84
48ec4381852aa7399ceee39bf1034284,0.636,0.0,0.67
e5c804b41c6b86876ae2ba693d7dc1a3,0.644,0.0,0.91
b23844bd57855693c9c47ed59f9fa7ec,0.302,0.002,1.13
de775f42c7ad1cd7948cf1ade60cc2a4,0.457,0.0,1.06
4c81c350a66fd8ca841a7ab93c7d7870,0.398,0.0,0.83
f21d1373cabd12fb2a3efedc68df5c3c,0.392,0.0,0.96
18ae2a5a7c73e650453da300ff7709c5,0.445,0.0,0.73
5a99aff2f101213e08456d684aabe697,0.568,0.0,0.89
56cb1f71a759292ca43ad55c54ce015a,0.633,0.0,0.72
b8e0f9461932d1799f1252f633d01f48,0.299,0.002,1.06
45bf8f0c21edc4ab5297d7f0033d5718,0.414,0.0,1.06
8d66d77e78f3241b12aa6b10e38486ec,0.474,0.0,1.03
01acca99acc2c15b5448e35319894818,0.431,0.0,0.95
9a247d871fb553f7586bc89c03f822c8,0.42,0.0,0.99
d07aa1942519f41a3278ff6d367629a7,0.388,0.0,0.72
c16f5600f3e3735774b0cbb9bbe0bd88,0.282,0.004,0.78
888e0aac5e11f087e9fad4c797e3a162,0.402,0.0,0.74
3eb35152f962631b7a3d689fadfc6bd2,0.381,0.0,0.95
f04c56e6f58570802881c6823e7310f3,0.379,0.0,0.74
161d6bb08fdafa3a2a568b0373ec304a,0.537,0.0,0.88
d93ad980a7df9400a1fc65b2dc336040,0.418,0.0,0.95
850fb332c44e5078939fafd200bacb1d,0.523,0.0,0.89
255762db2d11ce8621e636695b4e407e,0.632,0.0,0.99
d5e8a963a3a0a885e1050d89f6ddd476,0.298,0.003,1.2
98c3c72091b496ca99d9792e2cafe61b,0.431,0.0,0.77
7ab3673580dc4397dbe300407086e78e,0.329,0.001,1.18
464a7fb5a271bd4c1b611089d58f74af,0.228,0.022,0.88
0fc7cc8d6aef67d63073aa059f8b27d4,0.46,0.0,1.13
edb1d75bb6795b34768d4902e55f3b9c,0.22,0.028,1.04
1f81341e9f258782b1664e03abd9d148,0.306,0.002,1.19
101a48713aeed2b42f695363f113c55f,0.456,0.0,0.89
85af456b8d06293b637c77d26d65f2b7,0.498,0.0,0.79
1a221d02cf81b0161be63833931ee059,0.675,0.0,0.75
0aa788d7e354fd71c6f5e1e0dbec6829,0.367,0.0,0.74
8f9d925731a02387afa0c30173623988,0.339,0.001,1.04
52963f8c115e0862757326c77b384275,0.167,0.096,0.72
365206b887eec7351601f3a9147dc66f,0.573,0.0,0.9
4d3870f01d8339b0b994757eab6eece5,0.287,0.004,1.21
283bfcce61ce634452110ebd7efa5168,0.318,0.001,1.14
e90f89ea897338b0da51302b4936bbfd,0.589,0.0,0.84
c5ddfc76f70977c9bbd6c2152cac6cea,0.42,0.0,0.97
568edb97f2bac51a39a5a9d501112109,0.487,0.0,0.86
1cdd7d5effe9ebae254db24e94bf60fc,0.65,0.0,0.81
d94f2f4a04d3cc116ded5672cc95ba57,0.43,0.0,0.87
0f6046c991ff16b82d1365b2fd52baba,0.311,0.002,1.15
904fe6109740a0ab5296e5778e2e5124,0.188,0.061,1.53
a7f16406f6c54044990ea1a4740bc827,0.428,0.0,0.86
4cfe1fa728ee800ef6aa93b7bb21c790,0.5,0.0,1.08
c8e5a260d2bc4dbc8ddc077658de22e6,0.409,0.0,1.13
d13216f5a0d94f38308a2bf491b7fd6b,0.225,0.025,0.76
962fbf6562c85139e03ce620cc1673c7,0.648,0.0,0.86
9138bdac5e67b2da3fee5e5454e6981f,0.408,0.0,0.79
c677d5805b7d21b9d83b08b0ea2614df,0.409,0.0,1.1
0e1902c8a8b89c402b7dc0d68e518c0e,0.286,0.004,0.95
720612a5372fd87fa9ddb2374decafde,0.56,0.0,1.02
05247194ff43a822b64d38af76f14c86,0.574,0.0,1.02
c5559438959d08ace94e1e016a8d4a8a,0.238,0.017,1.09
a3719c2f0c3b3516f6a1b255ede9f7ba,0.37,0.0,0.93
824524d0184454837def09a96479acd5,0.547,0.0,0.94
f522abbab448f03edc295b384eb312c6,0.501,0.0,0.54
05c5d565d2fca14c2ae5cde9f36ff2f8,0.467,0.0,0.91
296e3ac4a9aa898c7cc7feedcbd1e8a1,0.341,0.001,1.11
731a46213b6aeed0a11a8bc76e126768,0.682,0.0,0.71
217ee97fcd7d2c82b815e38141a741ba,0.459,0.0,1.01
3e21dea8d7aa11122393ea3fc44d4aee,0.424,0.0,0.86
65a412d0e8b0f7f6ea50fb399b27f633,0.365,0.0,1.16
26ffabafd5302e85ab474a89755a9507,0.332,0.001,0.96
b06fbda1097ed2d2583253d8fd8cac8e,0.248,0.013,0.78
d3e11a8ee5eaa15c68aa7060590627ae,0.679,0.0,0.89
4d1674964e07d348f9b70650f3d4ef07,0.556,0.0,0.84
6532778d8f8efed3fbc8c476392cd398,0.489,0.0,0.9
396d152661f1836bb4646251dad962bd,0.508,0.0,0.83
449a4ce2032ab15d7322ed45c03f012c,0.519,0.0,0.8
e50b49e5ecc30b1d049d48ce2ac3587f,0.571,0.0,0.98
6db982a2139475c0aa2c9799eca398bf,0.449,0.0,0.67
d094aedd412e4ceb0f930403c13d782e,0.599,0.0,0.73
a9de3b8e29f22a4a73516cb1e43a892b,0.712,0.0,0.71
602bef6398eb5ad85cc9d634343e9182,0.413,0.0,0.84
f46d9eda375f99b8edee9b0ca9e44f09,0.187,0.062,1.2
11afbc21ea4e429d1f9d2d9c42f0efda,0.68,0.0,0.83
4c10857b066846a68e3b39af66eef728,0.377,0.0,0.92
97a074b93370d4acfbd19cab6a9bc362,0.328,0.001,0.89
dd0d8f8e95a3c4ff812001c0cf6e8531,0.471,0.0,0.82
e4b8846c61b6d3c111ae6b13e2918374,0.501,0.0,0.78
3e65c66bcb609ade7166bda7836d52aa,0.544,0.0,0.58
dd316883300a5c52fdccc49424781122,0.631,0.0,0.91
89d7dbaa8b8edcc44c3c8436970ed5a4,0.296,0.003,1.02
9579cf982c81d05a333541072239c28d,0.655,0.0,0.77
08025b01c2e7638b4d9533216ab0665d,0.369,0.0,1.12
c1527904f90a8007673c6a2a1f90f8a4,0.347,0.0,1.26
f1cb31547e54031e8f8ecc773356daf8,0.529,0.0,0.72
50ff64320ba308341e05e18385c50866,0.566,0.0,0.59
4cddce1fadc8e3b8d528d3fa7c5c5b82,0.287,0.004,0.79
b650f2fbd5fc6a445cb2b886d5c1bf24,0.561,0.0,1.04
34ae79fcff879259d784a2c4d4796e57,0.51,0.0,0.73
0493a74d300927ac4320401560748259,0.3,0.002,0.82
4b2388e2f678d34d1f1dc2f67a8e477e,0.445,0.0,0.83
cd69928e695b75273c4a7ce2a8d58ee9,0.45,0.0,0.76
7b1f1366aeb2c7a5cbf1b3b61ab666f8,0.208,0.038,0.63
914eeef9de03c9a45ab613ae12ef3b4d,0.543,0.0,0.53
d6364dc35acff642b47fba41d280c09a,0.304,0.002,0.76
d0ecdfde30aa1e11bf254865996b3cac,0.527,0.0,1.04
26eac365665950e5cf68cc0d5e6dc4e2,0.198,0.048,1.22
2778bd6d228883f840b57291b11d73e4,0.55,0.0,0.69
3ed04d936796eb6fdc8342eb7bdaa9b5,0.233,0.02,0.69
b0a161eb7a22fbbbc9f4dce591e33d2c,0.361,0.0,0.83
f4cdd532f3db6b59aa8c9357a09095c9,0.414,0.0,0.93
7d63b3624d3b0c1392ef28f4df2642fd,0.581,0.0,1.02
e1c93a3dce6f4ad11c09460fad8b152e,0.272,0.006,1.0
d0cb6a22e62caf72d632cbe5f15a57a5,0.644,0.0,0.82
02e564f3b6bfbbd69fecfde7a8624f7c,0.671,0.0,0.87
ab7d668b2621d092b392ad8c930545ae,0.499,0.0,0.9
88fc99d7ec9c9208e553f3da30a05c1f,0.416,0.0,0.78
bfe303ac77da671adfb473a4dfe51540,0.245,0.014,0.88
3e91952ed45f513a4b33b719c6c01600,0.36,0.0,0.89
8f3c552afe98b6fa869679b0f6e36fcd,0.681,0.0,0.89
12134f3776d65d6a28c0b07d976ad4b7,0.363,0.0,0.83
53b054088be9eafb383a6d417a005931,0.366,0.0,1.09
a7963af8b22b131bf81a217a7b8771ff,0.489,0.0,0.6
52e888dc28d8db5679dca623b96ed74f,0.341,0.001,0.9
f9657ad1e3e549707f41fd2f327bc16f,0.454,0.0,1.34
ced290d562153448f6ea4d6134cd527c,0.52,0.0,0.75
10071f7db056f6edeeb292b73268864d,0.279,0.005,0.94
a6fb3c3b079393e9d341579a71652031,0.437,0.0,0.96
7ce4a3cf79f76435d794798e54133650,0.409,0.0,1.11
ec2216b790799dfb0d709a0da851292d,0.748,0.0,0.74
52fd19d302ee56d7b2bfea9ada883a98,0.632,0.0,0.97
ab21cdfb849f3f102db8b83522dd2c58,0.16,0.113,1.04
1cb815187014e7a5d755f86ac4799730,0.502,0.0,0.86
30b10f7f7410ee673b5920e6fdb7386a,0.369,0.0,1.3
b485fdaf28599db0ef6b1b25184213c1,0.477,0.0,1.0
34ec389c04d695d8adbd15a4a7bf9443,0.402,0.0,0.88
d54ffc39a54746657f419120fe4a0ce6,0.245,0.014,0.87
c4623d54027271943ecba1bab8e68772,0.58,0.0,0.48
18c5475d334a98cf37c94105feb20511,0.492,0.0,0.94
c0fe326959023e19870bdff47bec345e,0.412,0.0,0.94
0bd986b9fbce2f7d65e77248b526aada,0.153,0.129,0.95
2fa5305cc43a95b8ceafe71adafc5798,0.301,0.002,1.21
c19788ce264354c25c961223622e7c45,0.397,0.0,0.78
99303f5e2e8214173d92d6b178f21765,0.376,0.0,1.16
63b90fba37887a8779834bb1f026d977,0.44,0.0,0.83
9c13158a25b3404bccb7e1d170d874ad,0.407,0.0,0.99
57774c4264e37981eb74804b8d180b2d,0.67,0.0,0.59
c8cb835c797f01033517717a394fdfa2,0.544,0.0,0.91
0275f4aeb682ef42ee51521b769caff4,0.31,0.002,0.83
8d388af130824c4954a1b33e41a95d09,0.389,0.0,1.08
abbb39426d88a2cd54c199facb85f88a,0.416,0.0,1.1
8167dce1477872510fa25fdfecd2b5aa,0.0,0.0,0.0
8a0fdf6cb913300cd0a5168d392123c4,0.573,0.0,1.01
74ea70f50ba2754cf6e49aa1e3418b37,0.188,0.061,0.88
4fa55d4c749388e019a3f7beaada54bf,0.552,0.0,0.57
7b4f7e0642acdbb9150746aa765e6951,0.337,0.001,0.91
153286671094d24d6b42c45443c353b6,0.429,0.0,1.0
8bf051c9da3927f0f303c47ed423cf85,0.433,0.0,0.83
02b525787f2a0f48b9d9e0156e61cba4,0.401,0.0,1.08
18d2e57e8c4dec715b6e363d80ee8b9f,0.578,0.0,0.91
966d3c7ffec63b0a6bff473396e0a11f,0.652,0.0,0.96
163fa45afea3a0a8046a443ab6d4009f,0.368,0.0,1.14
900b2fd79442229199c04560b4c37964,0.407,0.0,1.01
332d76363c1124586cc90564787c0644,0.486,0.0,0.61
e21b4fbb3ddddcf2a7b2ff6b25d5aacc,0.478,0.0,0.91
a674d0b980a95b43c8745c90ae944378,0.545,0.0,1.03
e679270bef252afa9e4785df6f3aefb4,0.698,0.0,0.86
5571e0d9b7df3e9bb0a284f436bf2cd8,0.605,0.0,0.79
2ebe43bd68e6eab8cd9fffdad156226c,0.608,0.0,0.99
ba0d25ca9582b85181d22df77d127f64,0.546,0.0,1.09
0d83faaf2a346e68ed75bb2aa1d76e4b,0.516,0.0,0.73
e67dab8713c28878cc40e1f4b2df65bd,0.388,0.0,1.06
c3dcf614104a24210bfac607cd63a9f2,0.513,0.0,0.87
a3cd494c6276a13b9b5e8b897f148f62,0.107,0.288,0.74
03877abd27cef24d03f0b786daf81a13,0.485,0.0,0.77
b0dffff329c5dd8da0aa9ff5c7ece901,0.521,0.0,1.08
3b19bacb028dc75b5e457fe9ac45bfe8,0.575,0.0,0.94
f068ac791bd7952e193e7e3728488de1,0.633,0.0,0.94
fad82132eb490d49ed44c637479af9de,0.569,0.0,0.75
5127fc212fc607ec4db820d176675250,0.581,0.0,0.93
b0f5d583dab37f604e1e4cdea473efa9,0.494,0.0,0.53
1d9958f9442a07ca7e0d4c2d1a7a74ab,0.482,0.0,0.79
bf52d18b545d6e3627e819f62774d458,0.308,0.002,1.12
f09217efda6fd090423e805a9670c88e,0.44,0.0,0.97
3c443aef87ee800ff8897b80a3e0a21c,0.464,0.0,0.94
9cb4428e7a848e96b602db9a8b773c32,0.703,0.0,0.82
fd9ff989f4d525b5ee8905c418421339,0.343,0.0,1.04
b6cef8b772e74e90e89a1dd99a2e2311,0.21,0.036,1.08
fa7f51d8d0d05c6eb3f750dcca76d910,0.64,0.0,0.66
7edb27e09da6422fe48774277754270f,0.45,0.0,1.02
65fc5c72849b49c9523bffb89479c3be,0.46,0.0,0.55
6871aef1e0a2038aa2a32cf05624516c,0.629,0.0,0.93
ed8ed89365915b8a5273cfe0ebc706f1,0.665,0.0,0.76
d96ff5dcbc70b9faa703a1918b526c40,0.647,0.0,0.6
89592a9cc374211d7c9a5bbd0eecdf31,0.447,0.0,0.83
938282e719784adcd0560b3a4f27d7be,0.414,0.0,0.85
847fa0c596bef9d6a51acdc88beea3a8,0.52,0.0,0.71
ca79c822a4a340230105a34d1eefa9d3,0.487,0.0,0.91
2634af60e2f903063f11386583f71f44,0.566,0.0,0.78
2f404373ebf0259409aad08adb028f31,0.722,0.0,0.85
b24ac48ac298e2cfb507f6313de0327d,0.587,0.0,0.81
cf2b161a3703f8d021413fd6e6d428ad,0.355,0.0,1.21
900246571c8cce59e2381fa56398a36b,0.344,0.0,0.84
3487f49bea968ac2eeb4b9ef31ec9276,0.296,0.003,0.93
e9222ad5a3f8fd85d38160a40fd0eca5,0.358,0.0,1.08
bd75932d579eaf18afe5ce5e1473a572,0.243,0.015,1.61
dc5af72de5f2412a9127626a5af601a5,0.527,0.0,0.95
f6fdf6b47bdcee6f83b60c213a27a3f2,0.331,0.001,0.81
8747c5dd7f5ea1553a166ff76d38c0c5,0.427,0.0,0.82
dd3f998a1c8d06873d409b3701f7fcc4,0.674,0.0,0.71
5b5b908f4d2dcac341cbeacdbe67cd80,0.469,0.0,0.86
e541fa570b5497e9b244d1b813cf1729,0.519,0.0,0.95
7d3e6aa6b803f5551af9c4ab1f529718,0.585,0.0,0.59
cf510eaed0cd5776097a4075b591909b,0.479,0.0,0.72
76555c39c3445ba31963372e18a2d050,0.637,0.0,0.69
a51dbb643d40f286976d66681a6d23d1,0.551,0.0,0.87
7a18efcf5f6e76b4dd44d4bb93bde6de,0.249,0.012,0.85
ae6aec6af9fe238d97e7a9991e26a6af,0.412,0.0,1.18
3916e38878ad20e03b27a5fc8e1ef6f1,0.488,0.0,1.11
9c9e5ee73368fc6e079c3508ca65bcad,0.199,0.047,0.75
72ea783b60b948f8b1d6f73660e8140b,0.612,0.0,0.48
0cd7c8a50c69918225968a8bc5db3dda,0.133,0.188,1.29
041c906afd2a0a26c8bfd503f2b0777e,0.608,0.0,1.05
776cbcc13675669844d97342a520490c,0.565,0.0,0.71
40575a04c3175db495a4d89b6860d809,0.172,0.088,0.96
e1daa8883a4f2cb4ca444c0a93970c96,0.271,0.006,0.82
3fe96b58e04b5bdf3cd1b06397f5d019,0.651,0.0,0.86
f804f489e2bf2af09018691bbd5a9bbc,0.392,0.0,0.85
9102c0ec28b9c72d8ce537a933ad1180,0.163,0.106,0.79
72265a88c1d9956ea6c7b49aa6e54220,0.511,0.0,0.88
0eb07fa37fc454f541d556151c4410e5,0.327,0.001,0.85
8188d20745471273fa69ba44a5b28473,0.46,0.0,0.62
8452c123803ebec8afefe41174d0f3ed,0.565,0.0,1.02
808be9e6d6e5cd1b43382c3e3c7bb8c6,0.391,0.0,0.59
7c3b2816240d462de45affc3375367b4,0.714,0.0,0.89
13086a519e9bca531d5b93f808da50f5,0.422,0.0,1.08
55b1ec1604e38ab6b2024c23396d9748,0.355,0.0,1.09
c41d1f4e11fea5a91a7ec4f73740db25,0.621,0.0,0.93
13752a8ceec49658bc5d94f4b0d6358a,0.473,0.0,1.13
884ab346f6ea57079fd195e72fe0e8b3,0.382,0.0,0.75
e56015a5c1a33cc7a99708881d2194a9,0.249,0.012,1.04
ebe08723e1102cb8e00ea668521bd692,0.517,0.0,1.05
658b4bf026c4bf60737f1beac061d2b0,0.525,0.0,0.88
fb636556477e05ab8975d36fa3eb11c9,0.466,0.0,0.75
ed18dd2eca05e669bfd5c3221c6bf683,0.635,0.0,0.85
232bb0ca29f826ea0c0e79035abe56ba,0.297,0.003,1.04
a22db03f2ec21e25f9bf2006f8801296,0.489,0.0,0.87
3def1f6dc1dbe9f2969fd65d81451617,0.488,0.0,0.94
b7def55a48cd82085f1286ad58bbd33c,0.701,0.0,0.83
c0e5e3a399e0f8189b18fdf3e5e1abaf,0.307,0.002,1.01
bbe29f80319843e135a40e8152d26f0d,0.737,0.0,0.82
56a3a7d62b6e93f32bee77fafe90e9a3,0.266,0.007,0.85
48db1b0f4ee389cb8d02f70ef49a56dd,0.333,0.001,1.01
31c5950bab113f21a974be5f08f33300,0.093,0.356,1.18
b6ae2e501eee198d6412c41629fd397f,0.363,0.0,1.01
f351bc4c33fcd7ae4ff19cf8c560b1d7,0.524,0.0,0.97
e891f81ae7d30e3ef6b75f9d12096ef1,0.326,0.001,1.08
9e000802f7ed0df67e95d94026a16665,0.201,0.045,0.84
1233f942f5ca4ed19dc532ac1cbacef9,0.425,0.0,0.93
d67da9b3410193243424d05c020b65ff,0.473,0.0,0.99
bf8f825f3daa5f3e62801bd64c4efd5f,0.547,0.0,0.99
8a1c71c937b9a01c6983d86a4396a240,0.578,0.0,0.69
d00089de1b40cf3041b47fc464a66ce8,0.395,0.0,0.78
85eb465a06b94a0cc3a1348f38e80b8b,0.667,0.0,0.74
923c4f5da95a8277d9b7143b53369b70,0.66,0.0,0.74
0dc1cda811052b2117c2d81edf1d9f5c,0.471,0.0,0.75
f43d1b92ed937484f2345136e641d862,0.437,0.0,1.01
601b4b31e09b29c3f1232011d32f1e52,0.512,0.0,0.65
e5e9690da08296378d85e88e53641f40,0.605,0.0,1.05
2e563610ab970f5296a768e857573ea6,0.415,0.0,0.78
fd65d338c7d86212619e40a70eb2f357,0.358,0.0,1.03
e0c484bbf3b6df0ea4092b5759008e9b,0.527,0.0,1.04
34784e7a7e9e15111daa67980e877b94,0.562,0.0,1.0
d59d975908c437159b47feb8d4e97b5c,0.586,0.0,1.08
77fbf63980fb7e523d750736bf456be0,0.523,0.0,0.86
0c242c62e4c0ed051d218e2fc2ea066a,0.307,0.002,1.03
6ba98be2ddcac7c62079b5a75a341864,0.535,0.0,0.93
723d25149b78e7f77f1231b7126adeba,0.411,0.0,0.79
f129f2f0a7ee78b3c1a58ac16d585323,0.486,0.0,0.94
433849e303e2075cc7a31fcb7572ab2b,0.673,0.0,0.82
463831fd0cdb07660dcbce6fee92e7e9,0.463,0.0,0.71
7e0ec658ea014757cbb47ea94a401f3d,0.696,0.0,0.76
94857aaef392e79e2000baf3fc78261d,0.193,0.054,1.48
51d5bf2f71ca352ca68ee1a55202047f,0.532,0.0,0.85
a1cb9855b39359a6821463e51b12f849,0.584,0.0,0.78
a7a6be0ad51265694828e6c52c7b6501,0.683,0.0,0.84
fdd59fbb907c5eb218de8b77cd0570c9,0.696,0.0,0.93
131a0553633648d414bf82db6822cb80,0.327,0.001,1.09
c9a40a631feab1667816d615ea84392a,0.298,0.003,1.01
8da23444510e59194110516ec59edee4,0.606,0.0,0.79
45e8aa3d8b8eb9e4e1566102876eec33,0.213,0.033,1.03
77871b479982bf7d396b9c6f75e48d47,0.559,0.0,0.87
300bcde551d584542539579526be55f1,0.586,0.0,0.92
07b3d20642df164598fb32c7cf902fac,0.286,0.004,0.99
88d0bba9122bcda8ac5613d4e0bf82af,0.635,0.0,0.82
38fb34864338d65aa69e197c80493667,0.66,0.0,0.84
ecbd98a4f3540c04e8c55be145cb4251,0.399,0.0,1.13
2fffa1a20397ad44e7e433fd037f1ef4,0.287,0.004,0.93
7a4664936407a99b38430ff73f21abd2,0.584,0.0,0.83
e8d5a46fb1b02b2979e9e0fc23ee4912,0.574,0.0,0.95
0e832535864dccd979d0c214bacecd43,0.249,0.013,1.2
854d48514e03c71fa1bd21580f993285,0.316,0.001,0.98
9449a003213819da92db074e4ef0d15f,0.411,0.0,1.01
1174bcba550e9d1754410f71665f881a,0.666,0.0,0.89
5aaf392fdc29694121653518e4cb7c10,0.356,0.0,0.94
2d15420c4e117da0a7e350b22e9093f4,0.108,0.285,1.34
5fc580deb5e17b457c3bbe3dfd3f7a9d,0.515,0.0,0.98
dff11d3a7f9f184fa8b81a7454f27964,0.325,0.001,0.77
25904097827d044706ca93f4f57a4208,0.613,0.0,1.02
c759cc36ed61f6cfad0133dc4ec7374c,0.463,0.0,0.9
fbcf53883411b87ec14110a68dbdc0f0,0.498,0.0,0.96
a733f62fe130e3742e8d053c2164853b,0.471,0.0,0.96
3826ce219eb6971471951d52beddc755,0.528,0.0,0.87
d7ddd7a61fc7d801ce1763cd90d35937,0.61,0.0,0.82
02e0a045f4fde5f15d33287dc464eb61,0.636,0.0,0.9
9ebeb6803fa76a2e905a5caab5489934,0.437,0.0,1.14
7c5637d7c433a726ad578a7d4cc15327,0.359,0.0,0.81
75d257248dd609235770c132ce49e615,0.574,0.0,0.79
885a72a66c601b5851dd7d5892bb83ec,0.255,0.01,1.01
e44d146bb66a2330f3387cb0c49463b2,0.559,0.0,0.9
46db0f0adbea90f04454d233ed66805b,0.392,0.0,0.57
16e5157e5a54c8e42c330041630c9aa5,0.219,0.028,0.91
42515286356a0b35c2115ceac0d3ecc7,0.447,0.0,0.77
bd7dfd07149a467dcdfc431c71e49116,0.606,0.0,0.76
3f7be8991851d440b6310bf71c8239ec,0.412,0.0,1.13
c748f6a6d674a138e60cbae81ba55b7d,0.471,0.0,1.13
317120efb4e56000fcd1572743b6019e,0.482,0.0,0.68
14b2dae4fdcf31c96aefd3f94f9c13c2,0.546,0.0,0.64
a8fa4c073dd93f8986eac2a528733a71,0.714,0.0,0.64
4c42e38282594cd6746c84f9202d5433,0.548,0.0,0.99
32b904e487eeb34fd6fa9058686b35b5,0.634,0.0,1.01
bc2de94917de989928c742cb06168a39,0.609,0.0,0.6
d17e6daf79022e809dacf5ef8eff44bd,0.418,0.0,1.07
a486448dbcd2412b04af314c116e503a,0.439,0.0,0.5
c35379f57af0ce430b1d0f79e2653b31,0.376,0.0,0.64
59cf623221ce2c2ee1b9e5f300aeb531,0.512,0.0,0.77
1b567c5d71330477152fb2a0b63bd943,0.322,0.001,0.73
a7be4a3161f5d1ccf762185f9ff549cf,0.402,0.0,0.87
526ac2635cb3f5e0ee5d7424e83e9107,0.439,0.0,0.8
c7a14bd7d9edd2a1bbfb57d4d17f5379,0.712,0.0,0.51
9dc6eedec039edf1d41608e47ef94979,0.397,0.0,1.15
f2463e7d7270de157c96539e8546220d,0.34,0.001,0.98
d8146d1391841b7d2ebdf5544c8aebea,0.33,0.001,0.88
cdde1801f4100aea8b9818ffc88da34b,-0.006,0.954,1.07
7b5bfad5365718574f37a07828a8aa26,0.492,0.0,0.98
ea70e073de6428f73bffa16a04763889,0.286,0.004,0.82
556f33ec5083d0300bd02f5e1434d6f5,0.472,0.0,0.98
6c24bb7bf14a538ad433ae4d9079a8ee,0.599,0.0,0.81
3a5d551a10bb5eaeeef729c21813ba5f,0.547,0.0,0.79
0e35e9909db14750a59ac3a2795d49e6,0.455,0.0,0.92
e856cdcbd3e6a438e4e2b3ae6fce551a,0.602,0.0,0.82
6060254c5bd5087a33b1c695d4490944,0.501,0.0,0.85
6cd87639ee6b4dd0eb69ac7c9ac619a3,0.272,0.006,0.98
9a88c4e80eac34d4362ca6af683bfab9,0.446,0.0,1.29
7f0e5d048fa46c380f994515f438bc84,0.503,0.0,0.77
e28748abfc805f61e4231b7edf8e89e0,0.463,0.0,1.09
be661fd20bab64f3dedf6572a4389b26,0.574,0.0,0.9
f37f316de8812cb949b65a295695fc63,0.088,0.386,1.33
270e598bf4b170ea7626541018fcb753,0.534,0.0,0.76
c40a59276f8386572a26b45d0c50f22a,0.254,0.011,0.72
d53775daf99a05bc4d2349902a107c91,0.648,0.0,0.84
540d8f06157d986a491a3fe471d80e29,0.628,0.0,0.64
294b6601db98ca32ad595fba520eab4c,0.593,0.0,1.06
cb0c7c2254d825f002578d9e4cbccef6,0.132,0.191,0.74
28d1200b14f578d6183ba1bdf9614ce7,0.492,0.0,0.91
852a901fbfb293d839b39399db8e74fc,0.467,0.0,0.68
d1d6b85ebc3b859295df2b5617724924,0.419,0.0,1.07
72c54d5dbffa85d4f16ec7fe8172ae51,0.637,0.0,0.93
57e735f8f6ad05d18bfcd894b05f68a1,0.503,0.0,1.03
a8a819695bb62e572e1e3ff3872dbfea,0.463,0.0,0.65
a96454f31155cf78603090d234b6c813,0.48,0.0,0.98
8d866c277ab5a304f5d87786a2a5ba03,0.501,0.0,0.9
dbcef4b3cf47ca1e473f71e05347de19,0.43,0.0,0.94
6ddd4f04a670c3f7d16bd6be9bc87a06,0.489,0.0,0.63
0e06308bbd1b597fa0817c2fbf005dfe,0.36,0.0,0.97
11f301730599f62a1192cacae9f06f97,0.247,0.013,0.88
10464f4bcb7f5d38b1b1a72df840c7e2,0.423,0.0,1.11
bec91301fb5fc2f9f7ba9e47066b30cc,0.026,0.798,1.02
867e681139371b97e344e1a63e4f5740,0.674,0.0,0.84
ca5a2debeaf86995f582a48b31a60cec,0.366,0.0,0.82
f3a5f1bd06b9b1f14824c2e597193426,0.543,0.0,0.9
12a972cf9bed4c74a89f434246bdf985,0.476,0.0,1.03
269a978e1f275971598539ab769dc2fa,0.48,0.0,0.99
86d38f25936337bafe43254c79bc5745,0.441,0.0,0.74
d86d5ade597ff5c3ecdb8af8bc4e8716,0.639,0.0,0.68
5bd86b1cb7b558dc49b95f98f318cd8d,0.083,0.414,1.15
14eaa2b5d82a772d8df9008c4b796a83,0.189,0.059,0.86
ce075cf0f98dd242b3880f4abdf7ae06,0.479,0.0,0.94
b19174282794df5e44f74d8a670a820f,0.454,0.0,0.92
43b313135401ba1cc992bee1c09cd4f6,0.331,0.001,1.12
f65fd0385c972159743d21700c9a7887,0.308,0.002,0.99
32c218e6d2a6949bced92358d8d2c819,0.423,0.0,0.92
62afae2d7d2fedb43fe401e298f51b86,0.596,0.0,0.89
b42bbbb47f04e68e2e3c44798649d190,0.287,0.004,1.07
0b658d6ceb99aa4c37481aaba1fa1849,0.47,0.0,1.07
51854be2a00e705f7104e2bcfd2ed45d,0.47,0.0,1.15
25c5c03fe8d7c53d10017ee0f4dc5046,0.429,0.0,1.08
9b9bd438034de2bbd2d009b65a6b8cbe,0.791,0.0,0.76
208cfae0d50ec7720b985c291e01544e,0.557,0.0,1.0
098d301586c24a55581091a1012ba81b,0.384,0.0,1.05
5760e879a2d2ab2160dc827f2dd9fa8b,0.328,0.001,0.92
3fc504580ad8291b7d6b5bc1d28b3314,0.298,0.003,0.82
b900ea95f02cc5d27794cb688fb2db2e,0.312,0.002,0.78
7b2cbc4523600de7141361e90677e9dc,0.403,0.0,0.89
126199ca81c24c5ab6614a909c155eb2,0.631,0.0,0.95
34d39da955f2422c21b68ff0b030d548,0.465,0.0,0.82
0de68c91704d41fe628b8ffee676964a,0.279,0.005,1.02
da694acef6784ea795489a9a6c4317d0,0.325,0.001,0.91
544f72615b27b24cda81993835f65f02,0.563,0.0,0.85
ba5d74c1ce76da7e51f709e668565a35,-0.007,0.942,1.3
a333821aebb56673073b907bb00ee3e3,0.409,0.0,0.73
dd75528072081983b569e8d6defe8530,0.329,0.001,0.83
d1964127215d7cec16e1853c6198997c,0.643,0.0,0.89
5741e6ba124242c181690e4027f7c2e9,0.397,0.0,0.9
66edeefaf505971139d83e74f9beba95,0.516,0.0,0.63
8ec4eee59c1897cef3a44f311ac24f08,0.394,0.0,1.11
7e62093a18ed621a2dca7876dc591cc0,0.516,0.0,0.83
431b357f6cce8e8a9166c3838c0b545d,0.214,0.032,1.13
d2b6d1135260865aa1f7ecb5a7ba83eb,0.682,0.0,0.53
d226d8688699c598960924950df9a830,0.48,0.0,0.96
49e391b4369575c029b49d65eecdbe53,0.57,0.0,0.88
ae45be3a499b1bf80d5299686bb25d26,0.426,0.0,0.89
7eaa36752bccce478ab5ee651fcc4d68,0.37,0.0,1.06
35bfb427f13ef9a5372220a34327fa50,0.49,0.0,0.91
4422f554fa202fda804bdd1c30573586,0.038,0.704,1.23
ddfd110c8b49282bb1e2157576ac4a13,0.525,0.0,0.76
e748d946577a44fa8397a11defe15f6e,0.746,0.0,0.78
67a7b1130ebcfe7823965b45d541cdc8,0.279,0.005,1.04
58aa9ab2de94f6baa363b1666ba87960,0.342,0.0,1.07
ba73bd8629e0fcbed8fbed2dac74976b,0.553,0.0,0.92
74b0fa00d06529e25eeaca27a0cbe9df,0.472,0.0,1.05
95142f77ca117dc835b3a1f433929c25,0.115,0.255,1.05
9535212880347a8ad301541bc5d2d42f,0.409,0.0,0.92
33494081974bc47b32b9a7eeb9e1b1d5,0.433,0.0,0.89
c60b40a9eefef51c7f7b27a4880fffde,0.403,0.0,0.99
ddd9df2f339482a07b121fa8e848bc02,0.303,0.002,0.86
45968e427e7f998ae957a02df8fb7996,0.557,0.0,1.05
191935ea5478a431278070a758a64658,0.629,0.0,0.81
48ad30846f10a1c8b75a5bf1c79fa05d,0.238,0.017,1.18
46adaa23daa144a23403f629021e68c9,0.371,0.0,0.89
93f831823322a69e25ec7cde9859868c,0.5,0.0,0.61
67108ce32009962caa2c62b4530c0dbb,0.39,0.0,0.96
d3ee533b78d3bbb6d85a7281bc69aa52,0.514,0.0,0.92
68176e5ae8cff78d2813faa9cdb780e2,0.308,0.002,0.95
87b5784c87908e0e421cc9be67240bb4,0.27,0.007,1.01
a3df174765350ac42d2e65c06f954539,0.248,0.013,1.03
70b88df16da4e85830a309a7dd46bfdd,0.54,0.0,0.96
8bb54e023603684e472ef29475419525,0.659,0.0,0.72
7b8c92977c4f15fd70734343e15159e7,0.504,0.0,0.6
41327869c8e992d58deff512fd0ca0c4,0.449,0.0,0.83
795de921111eab40c26d6a2c4b458535,0.588,0.0,0.81
36e3ac18499211ef3dbe356e2ae8c839,0.672,0.0,0.68
0100bf1ae60d7dbebf379291e14f2eda,0.162,0.107,1.01
c7795c3adf939abc23205c8f24a1692c,0.511,0.0,0.92
e3867d78018c6622db568dd21c0001f9,0.327,0.001,0.97
ab30e624e1ee99270b2caed32c1932fe,0.221,0.027,1.4
4a0813bbabc43035ef42070aabd39239,0.673,0.0,0.88
196ad93865c47b3d6e0f85aa511de85f,0.453,0.0,0.97
a0797153268037254e335c309bda167b,0.485,0.0,0.87
671eae916a380b7e4e9d269e20834ac3,0.318,0.001,0.82
ec8b8c8704d15f044c6c7bd119cc7026,0.679,0.0,0.75
818104464f7cc52a5d7d214e6efc1ef6,0.7,0.0,0.9
df4fe28bb3645c11b28b117af35ef5a6,0.555,0.0,0.94
527ed53d2ba3a3bc417b8402d5b2f556,0.374,0.0,0.78
e5b6a928a1b4c2d71217084293fd31ee,0.415,0.0,0.92
f2fda6adf891e5a80b5fc65c4fc1253a,0.496,0.0,0.88
d16a42bd432e76d3f5c1a2afc6e4c6a6,0.549,0.0,0.8
2a064882d541e18e3d70e910ddaaef95,0.633,0.0,0.66
0a27283d9b8aa9bd3e15f1798c287923,0.45,0.0,1.07
37a2a6f4cb42e033dcb8cace77ae9c83,0.188,0.062,1.05
da006c2b3afb341730806e38a09cc948,0.284,0.004,0.91
4eb13ddc80a4f95b39e765a85c44b27e,0.001,0.991,1.08
624a014225a41f5c487110ce18b018a7,0.464,0.0,1.01
cf405431ac1a07bcb257c7995612c58f,0.595,0.0,1.13
705283e51dd33fe17c4b13bfa4f58b6c,0.761,0.0,0.79
72d7377979a1a4f0524a6531c273b8df,0.617,0.0,0.88
2e74993b8bd0d6e236b8a0bc2927790f,0.649,0.0,0.67
e878a390ae2b05119b74262284237fba,0.673,0.0,0.96
0d67ecbeba5b8fc1982268ce2adbf0ba,0.331,0.001,1.02
6d820ae500999d96e81c0d9c92853208,0.589,0.0,0.86
94b00be922d5ac44be31df944252dd57,0.583,0.0,1.12
902f387e75b85410deb2a9c5b6bab4ac,0.549,0.0,0.82
19892cb318c66502b6ce887761f0e807,0.275,0.006,0.8
0034ec66f6e054a284719e0c705d3f22,0.43,0.0,1.01
dca0daad5dde6e1c51e6481cb15ac3b4,0.51,0.0,0.77
3d1795fb93edb0e2a4b9a2c50903342a,0.175,0.082,1.07
45cb6025b7517e60c2d0b9ff93626be1,0.505,0.0,0.84
6fe932df4ee6d440628c7448c08bc895,0.441,0.0,0.96
8d58c1728b17e1b0039ed3cc7bcceba4,0.485,0.0,1.0
6a3abc5e9762d16480aa34426fc84495,0.575,0.0,0.99
905b3f31741f5b748b242775fe84e3f5,0.626,0.0,0.57
49b7d0b9ce3ba5492835ad7c6d2d336b,0.616,0.0,0.84
bc1f49e94d02558c661366ceb96df2d1,0.448,0.0,0.85
6a6423112ec1882ab01a78c9dcf2aac5,0.593,0.0,0.88
5880081cd3de1619cd431a75d9052dfc,0.449,0.0,0.75
ae1e90324c5317faab3b96e5c4032c8d,0.576,0.0,1.11
c5844059742b2378400584228d00478e,0.543,0.0,0.8
7a9d897c29b40862c49201ef666c2938,0.654,0.0,0.79
b47bf08a583c2841f0b31e14d72c5a2d,0.501,0.0,0.68
2e08eecb51f9d284392324680c3f8d37,0.586,0.0,0.96
5917ef1794f59a02644b5e89272e137f,0.402,0.0,1.18
6e5372c99b57ce166ed02357d168e500,0.337,0.001,1.02
57070b6d4bfcb7d89543a2096c297476,0.566,0.0,0.96
c9f624f6562f9944e8e164482976d3d8,0.256,0.01,1.15
4dec9aace8b884744fe030c05d31a1c7,0.613,0.0,0.66
19e4e1af398a738de056213424b78eef,0.569,0.0,0.95
0db7796b59a07d0857b76ef9e6745e7f,0.373,0.0,0.83
b75b3247a7c87921076918f83c95e890,0.503,0.0,0.92
65fe098f881019caaa81270d6b3f65a2,0.496,0.0,0.69
74044e42966f26ee428ccf7bcd597bcc,0.567,0.0,0.97
92e202b977dfda87c92dd863a53c1bbd,0.368,0.0,0.93
47bed7943dbe56815b040e2c6c21bce9,0.228,0.023,1.15
dc7a84e8f807724680fbe499f367c78c,0.587,0.0,0.64
d453b26dfd348fdb99e909df7d8bec39,0.51,0.0,0.78
67da161cd9cc64d374d2728e006de751,0.438,0.0,1.07
f44f5914647454f2437c9fe1086517b8,0.549,0.0,0.75
6b7215bb4e81628cf15e8711e28187c0,0.431,0.0,0.64
5ad10ff2392cbfca1debcff8624c1639,0.338,0.001,0.95
cad23a13806a9a7af2964ea7f984f32d,0.32,0.001,1.24
883e2f955ad3c955949add79616b8515,0.33,0.001,1.12
f97fafee0e73641912cf5f0534c997cf,0.538,0.0,0.98
f97231d81f6feb637f131feb273b39c7,0.38,0.0,0.99
14610103cb4221bfa6705300c763acf9,0.463,0.0,0.76
a5a5e28e2537576bec004725d1499a8f,0.398,0.0,0.94
bff6a34f2faac5cef5e52b344dfcd135,0.392,0.0,0.98
d5973c7f96e5041ae5a43c1b4a6c4d50,0.533,0.0,0.91
8b5fff1fb7c632532b823ebf92f121ee,0.291,0.003,1.15
f8249493f16a1370dd53a36a51ffe010,0.557,0.0,1.03
cf049b49628bd911751f06b47b19e6c7,0.587,0.0,0.72
997ada9200d0768f7cc902404d154fc9,0.557,0.0,0.92
dc29e02e94ebca4b868ce227fb591cf1,0.453,0.0,0.79
81225103c421dc24e2d1e3bec612181d,0.582,0.0,0.97
f92f51a2b04647ef6972b4d4ae462476,0.59,0.0,0.95
5a6f8fa7663e0e67502793fc9006e6b1,0.416,0.0,0.78
b5f7d8298ba505a2e133f61b633402a2,0.541,0.0,0.89
b83520f3976c85dc95689d7e3545ee75,0.53,0.0,1.07
e275e8309b9c0a55e51291d80017f8d6,0.353,0.0,0.84
3c31a64aa2b6d7957cda3aa6d83dc647,0.295,0.003,1.08
0bbe66d357a0faad0afff6a1de13e9b0,0.459,0.0,1.01
eeb19553ffc077776ba9079e7556938b,0.53,0.0,1.11
d2325072cacf52c6b97bfbe4ca738a13,0.707,0.0,0.68
9fe6f991ed1d677a1651524b84bdc2c3,0.551,0.0,0.99
0cafa1520d5f07344f539b3efe838bef,0.655,0.0,0.89
791bd6143b5476b98be4c566b4c86815,0.559,0.0,1.11
320f5a63ecccadd993853fb5e7203c63,0.711,0.0,0.87
5720326f45e5ef3292f99a38d997a0ae,0.294,0.003,0.89
936c2305a54bb84c1124f7e971885c1b,0.51,0.0,1.02
1b3cc0a2283ae955e9629f7244cca000,0.224,0.025,1.02
e652902252ff0eed8501e3f71810eb48,0.447,0.0,0.88
5d79f4ab013a8427176212949a8bd22c,0.579,0.0,0.68
9274cf88555be8df6131008fdadc19b7,0.096,0.344,0.8
3025290ebd93ef89e7dc420425f75ff6,0.239,0.017,0.91
548310821ae6cc8defc38b098ea5f026,0.18,0.073,0.85
7d0d530932506a51d4e0db3849fe59db,0.507,0.0,1.08
4f9a2fa340f5b4aa7fbd6c2abcc74aa3,0.463,0.0,0.75
e201411b0d411c5ffd39f449c04ef73e,0.576,0.0,0.88
bbdef4de9fb2323262979d77e3ad8f7f,0.556,0.0,0.94
c91994e2e26c8dffc1baa81a948d1620,0.247,0.013,1.03
b85515c1a6c91c0d7175eb6dc5d0914e,0.393,0.0,0.73
41bf4f5085579e05a628ba3f5bc185bd,0.608,0.0,0.74
39c4c06980c074bc9d2750ca04e1d369,0.551,0.0,0.95
c7c8f474f249521e42393027ed203bbd,0.427,0.0,0.7
f1810e6e4c669006c5e73209e083eee7,0.521,0.0,0.65
2e18e9396496560d800f185e1d68d16d,0.546,0.0,0.89
570c16931bec66f5b9177820f8e8e505,0.479,0.0,0.89
17ebbe5076074bfafbf754a2520a67ac,0.475,0.0,0.78
03d55f559e4a62967ae502d89dd7c57c,0.485,0.0,0.76
c5ccb919db79117d0ea794ee1bd88795,0.536,0.0,0.73
b4dedf904f38747de60e33b2d44b753c,0.491,0.0,1.06
15a83d3a29dddb4dd942804c3a6b4edd,0.442,0.0,1.07
184ed7a0e22103da6e2c1423aa464978,0.768,0.0,0.73
db494da9a654ee11d36a7986970318d1,0.393,0.0,1.08
2c355a1ed7b9f1414376f02c88f7e216,0.388,0.0,0.57
3a002baced64f01404d9d834e2d93fb7,0.579,0.0,0.51
2c1641ee8cca5607bc36087c973108c2,0.391,0.0,1.17
31e66bd5fea5661cb8b3d841c34775ec,0.635,0.0,0.84
a58ce2773f36a5f6e86bbcd14fe2ffdc,0.341,0.001,0.65
bf04ae8e472dd662f7cfee1ebd968ff3,0.46,0.0,0.9
da7fae238e790caa95f19e34413f24b7,0.419,0.0,1.03
ff40818de4c58fc1b0e424aec47483d1,0.299,0.003,1.21
b59ae178d685b00b9dd711a3dd8d1f87,0.317,0.001,1.19
8e1623d00b3c2d8a00e2b7a85314256c,0.452,0.0,1.0
b1a5a554c5a88fa4364526281b55f0f1,0.625,0.0,0.88
cea00424ced413c108d878b1a14f3316,0.392,0.0,0.89
d04546d71a34fa58f1d0a541f0776844,0.659,0.0,0.89
85852d6a834a506bc07b4f40ea5bae31,0.548,0.0,1.08
83196d8b911ff10cc24e0a1d2c66a999,0.331,0.001,0.97
044d57a61c5f78ba1c29382d4762b1b4,0.446,0.0,0.98
64463aa93c9145fa0724a9e89ea7be2a,0.754,0.0,0.84
ccb5ec182c26f8adb6d3df311a51a171,0.468,0.0,0.94
3238efe4fd0b44c5dfb71d68d758429e,0.265,0.008,0.87
7f6a081ac62568e0625fee9aed2b73ac,0.44,0.0,0.95
be8183cdb04c29f5a98a06bb589217ea,0.445,0.0,1.1
fd06cf5858bf079796e99e1b0cf53698,0.337,0.001,0.82
1e0444f968f0b00222ffb4e04387b104,0.569,0.0,0.74
44d78ba2745cc2414d603fba3ce8601a,0.338,0.001,0.94
42e927f127e14c7ad3b1a2d96a1992dc,0.512,0.0,0.95
b62c59457d3c04e56cd19e825875ea5c,0.197,0.05,0.88
8fe446e1a875dc53f5e4d2342a07ccad,0.272,0.006,0.82
452407497ab19f530ef780580a076af4,0.422,0.0,0.89
215e9d363c16011edb50a85ae77374f5,0.482,0.0,0.87
c2dcafd843e080e5d53b630bbe88e172,-0.065,0.518,1.3
bcc5c7ca5c3b1158a2554c2db18459b6,0.582,0.0,0.95
1ed03d6bb44eba5a0c1a54130a643a4c,0.4,0.0,0.82
4d9cdf15ce4fca064e5693eaac825a9b,0.494,0.0,0.85
a0d9dce52e788d985170f0f01bb734c7,0.338,0.001,0.99
972993976728bec391926feb8655cfd4,0.512,0.0,0.79
543a1fcac76226d385ce838a395c2fb1,0.331,0.001,1.27
e7a11ca70e56e7076e3f243037ffefa2,0.66,0.0,0.95
bd5a8ea1a302f2bfce333702d89c0dbe,0.528,0.0,0.76
07cdbaa5114ad44837a14a858b7fa4ab,0.577,0.0,0.55
06dd3cf1bfcadd4d0d330b2dc0caa605,0.458,0.0,1.06
69c577d35eb78b0edfcb1381782cb892,0.642,0.0,0.88
3c164987dcd2f7047eb5d78ead1d7c78,0.61,0.0,0.82
0d44b4996f9a49b542cbf377ad7ba454,0.48,0.0,0.93
5d5ca23a25f8d6ad96d9d2ea28253fad,0.279,0.005,0.96
2eedcc9edd76d99e6943095e45fc02e9,0.481,0.0,0.86
1c4accc9414fd84641fc5a78df93ea17,0.468,0.0,0.8
a78209df132dfd502a52a6495b427218,0.38,0.0,1.03
0aa1ddc0b73cdb6b045b090f17b1b015,0.65,0.0,0.76
d38567fb8d43004b1db66b6ffe899cbf,0.559,0.0,0.67
beb4721e59a543dda677369449136ff2,0.624,0.0,0.96
0ae4ad4d54c544c24efca65dcf6cc0bd,0.517,0.0,0.83
f3fe7c2c31441e7b762704b8bcafd3b8,0.013,0.895,1.1
ce70c77da0858d63f99f9f0544879ea9,0.621,0.0,1.0
7528c5b2b8ed44998c386b5ff2e5af4f,0.284,0.004,0.94
3f6270be75862f88634bce4211387e7a,0.523,0.0,0.91
5061ea9036a10cc2161fcbb35b04af9d,0.42,0.0,0.8
9d12c108898ac738e215a40f63e52b8f,0.429,0.0,0.93
1720d874ce2320ed2e614b687eb5ada4,0.605,0.0,0.74
f5ba8776108d3df88a7aeab2d897cdbc,0.154,0.126,1.1
73b8a1a7f2556d4d08bdbb8f6418087f,0.535,0.0,0.85
a26bb7e982496f541cf527cea2db59ac,0.568,0.0,0.89
69d136c8d8dc113c3aee4835e941798d,0.237,0.018,0.98
ac258127adabcc36e33a84b897d6ce92,0.366,0.0,0.92
e088ae3233820aed4f36af64f9e51783,0.346,0.0,0.98
245010d8c451af468ce906e2be32f7e9,0.511,0.0,0.97
19126ee13926bc24440970aa5da1f8c3,0.66,0.0,0.81
036e2a8959afc32d356d07471a65409f,0.604,0.0,0.66
96d764ba21bc02c94c908f9806a3c867,0.382,0.0,0.72
60796841bfed4cab330e2768bef60e40,0.396,0.0,0.77
23670e5227224d2ddf587a899a80f598,0.546,0.0,0.84
249ecb48174fbaf7318ee8babfe7caf8,0.571,0.0,0.95
8436ecbb518aa2f46a83a8756276944b,0.457,0.0,0.96
51677f4f6427aa81260235c6bdf81862,0.666,0.0,0.67
c6e91c72f3e7d46b7ff53b1d71a10c7e,0.604,0.0,0.83
93ddf253344ce027a5c17ea67b45f6d5,0.651,0.0,0.75
8827b240f67ba933e72dffe0b81e3634,0.606,0.0,0.82
34604b661325f54e41af33788bd5127f,0.227,0.023,0.71
c4441b4144d23e786cee70ba90a8d5e4,0.548,0.0,1.08
ab9faa3b1c56b043e99d3d2559396539,0.285,0.004,0.91
ec4d18675cf61e4ce51e709742c6f167,0.249,0.012,1.45
0397325b8069bba4df658a8f584d8dba,0.458,0.0,0.72
4927a0cfd9f7cd1c6ee789356f2b32fd,0.67,0.0,0.83
31f668a18d34b452e5d11d6304b736c4,0.627,0.0,0.79
3d761a0d2ffa556d5ce66c4d6cc1a784,0.371,0.0,0.94
1767e34921ea1219a84009062316be4a,0.438,0.0,0.56
d4cf89fd9dbdb29cbbb051450d946ec9,0.353,0.0,0.93
79f33b896538f4548d334ef5a4f208ce,0.616,0.0,0.86
a259bec7c11dda334da1ac29c6a2c0ce,0.133,0.188,1.11
444e4705f55e835edaba5c36dc8e7bfc,0.386,0.0,0.97
62189ca8cac19c1fb1cec0433140d854,0.492,0.0,0.74
0df0f5dd7914b20766305f0c300ba2c5,0.438,0.0,0.88
bd46c644fc8643dd604706248725f50f,0.247,0.013,1.04
a2f86fb8c9e904669fe402aabe13c0f8,0.426,0.0,0.81
0356d6c498929607219a39ead3a1c269,0.477,0.0,0.9
40773224250799fc22cdcdf2a4d3cc82,0.517,0.0,0.96
c50038231009154a8d5dd13c6319c69a,0.342,0.0,0.95
5560cc937ec3d016eb1adba2714e2ef7,0.604,0.0,0.65
a8042e602453c790f72b37d0b8b49eeb,0.419,0.0,0.84
2da1bbf68948ba4909dadc0d4a644eeb,0.5,0.0,1.14
6d2f67c4067b511e95752cb3cd833d3b,0.485,0.0,1.01
d34daf88fd9cb3e0860ba58be9f70f79,0.659,0.0,0.6
e5f1ed443ae5839107fd4c087fb801be,0.444,0.0,0.86
bf47a10e6f0cf9a32ae9ad3db18856a2,0.443,0.0,0.77
b5dc6dff69049d7f502c4822afe33861,0.13,0.197,0.97
2518a67275ed584664133d8490e4b9b2,0.555,0.0,0.87
071f91e5a09758f0a8bbb291209f7245,0.418,0.0,0.8
1f9b63249c3e5812cdda76c61af074c1,0.52,0.0,0.73
2b8dd483c95b0ac04686d421f07b66c6,0.399,0.0,1.12
c4906d4d9fc0f873bc6abbedab08de67,0.453,0.0,0.74
3e5d2b762ac74118ee5784e3d6f6f5e7,0.492,0.0,0.84
fb8d1f2227f595a8cba4727df4c47bdc,0.517,0.0,0.87
8ba735beebd90beeca247b7fce9e12b3,0.394,0.0,1.11
e068f5b5c8f3dc5afe97d2f457de734b,0.265,0.008,1.3
6fd9ec34cec23cc3d50ccb34db8ca0d7,0.656,0.0,1.01
0d5974b060c2ad66582e4cd2aa8c2367,0.222,0.026,1.02
c8970f48295a8ae00a46ad6c1282c573,0.619,0.0,0.84
74f7bd13c33957ecd985dc5cd951dd14,0.658,0.0,0.96
